Time        	Cd            	Cd(f)         	Cd(r)         	Cl            	Cl(f)         	Cl(r)         	CmPitch       	CmRoll        	CmYaw         	Cs            	Cs(f)         	Cs(r)         
0.5           	1.982286e+00	9.911428e-01	9.911428e-01	-4.368827e-02	-2.911217e-02	-1.457610e-02	-7.268040e-03	-2.609061e-20	1.696460e-20	6.759121e-20	5.076020e-20	1.683101e-20
1             	1.584627e+00	7.923136e-01	7.923136e-01	-4.724202e-03	-4.461718e-03	-2.624847e-04	-2.099617e-03	-3.862950e-20	1.690779e-20	6.627113e-20	5.004336e-20	1.622777e-20
1.5           	1.531308e+00	7.656538e-01	7.656538e-01	7.062753e-03	2.489470e-03	4.573283e-03	-1.041906e-03	-5.192087e-20	1.863084e-20	6.357088e-20	5.041628e-20	1.315460e-20
2             	1.539566e+00	7.697831e-01	7.697831e-01	1.228517e-02	5.505285e-03	6.779888e-03	-6.373017e-04	-6.301353e-20	2.014349e-20	6.091338e-20	5.060018e-20	1.031320e-20
2.5           	1.553837e+00	7.769186e-01	7.769186e-01	1.476038e-02	6.940497e-03	7.819886e-03	-4.396947e-04	-7.132945e-20	2.130649e-20	5.809232e-20	5.035266e-20	7.739667e-21
3             	1.559115e+00	7.795574e-01	7.795574e-01	1.498612e-02	7.168202e-03	7.817918e-03	-3.248581e-04	-7.668558e-20	2.211096e-20	5.556365e-20	4.989279e-20	5.670867e-21
3.5           	1.554111e+00	7.770557e-01	7.770557e-01	1.383995e-02	6.672963e-03	7.166984e-03	-2.470107e-04	-7.980072e-20	2.249575e-20	5.320783e-20	4.909966e-20	4.108168e-21
4             	1.541121e+00	7.705606e-01	7.705606e-01	1.302051e-02	6.317158e-03	6.703348e-03	-1.930950e-04	-8.132759e-20	2.264908e-20	5.104370e-20	4.817093e-20	2.872769e-21
4.5           	1.523052e+00	7.615261e-01	7.615261e-01	1.156335e-02	5.626079e-03	5.937273e-03	-1.555970e-04	-8.180351e-20	2.261220e-20	4.910661e-20	4.716551e-20	1.941104e-21
5             	1.502715e+00	7.513577e-01	7.513577e-01	1.103848e-02	5.392658e-03	5.645818e-03	-1.265798e-04	-8.169159e-20	2.248381e-20	4.733715e-20	4.615238e-20	1.184769e-21
5.5           	1.482187e+00	7.410937e-01	7.410937e-01	1.077356e-02	5.286849e-03	5.486712e-03	-9.993171e-05	-8.127991e-20	2.231713e-20	4.577049e-20	4.520238e-20	5.681108e-22
6             	1.462188e+00	7.310939e-01	7.310939e-01	1.065690e-02	5.256285e-03	5.400610e-03	-7.216207e-05	-8.072446e-20	2.212515e-20	4.435418e-20	4.430224e-20	5.194135e-23
6.5           	1.443444e+00	7.217218e-01	7.217218e-01	1.138253e-02	5.647487e-03	5.735044e-03	-4.377870e-05	-8.014112e-20	2.193671e-20	4.309639e-20	4.348491e-20	-3.885163e-22
7             	1.426473e+00	7.132365e-01	7.132365e-01	1.264794e-02	6.308070e-03	6.339868e-03	-1.589889e-05	-7.958931e-20	2.177105e-20	4.202842e-20	4.278526e-20	-7.568443e-22
7.5           	1.410545e+00	7.052725e-01	7.052725e-01	1.373272e-02	6.876287e-03	6.856436e-03	9.925878e-06	-7.905135e-20	2.159996e-20	4.099536e-20	4.209763e-20	-1.102279e-21
8             	1.396226e+00	6.981129e-01	6.981129e-01	1.544532e-02	7.754530e-03	7.690786e-03	3.187210e-05	-7.856292e-20	2.145590e-20	4.009512e-20	4.150346e-20	-1.408343e-21
8.5           	1.383183e+00	6.915917e-01	6.915917e-01	1.725604e-02	8.676628e-03	8.579413e-03	4.860707e-05	-7.810390e-20	2.132777e-20	3.929701e-20	4.097628e-20	-1.679266e-21
9             	1.371252e+00	6.856259e-01	6.856259e-01	1.902341e-02	9.570872e-03	9.452534e-03	5.916926e-05	-7.767644e-20	2.120769e-20	3.857507e-20	4.049522e-20	-1.920151e-21
9.5           	1.360314e+00	6.801568e-01	6.801568e-01	2.057965e-02	1.035260e-02	1.022704e-02	6.278096e-05	-7.727182e-20	2.109565e-20	3.791339e-20	4.005234e-20	-2.138950e-21
10            	1.350257e+00	6.751284e-01	6.751284e-01	2.198730e-02	1.105279e-02	1.093451e-02	5.913705e-05	-7.688846e-20	2.099307e-20	3.729744e-20	3.964179e-20	-2.344351e-21
10.5          	1.340922e+00	6.704611e-01	6.704611e-01	2.299325e-02	1.154503e-02	1.144822e-02	4.840535e-05	-7.652011e-20	2.089207e-20	3.671980e-20	3.925196e-20	-2.532169e-21
11            	1.332305e+00	6.661523e-01	6.661523e-01	2.362365e-02	1.184298e-02	1.178067e-02	3.115753e-05	-7.616447e-20	2.079090e-20	3.617204e-20	3.887692e-20	-2.704879e-21
11.5          	1.324176e+00	6.620880e-01	6.620880e-01	2.391640e-02	1.196634e-02	1.195006e-02	8.140426e-06	-7.582006e-20	2.068953e-20	3.562384e-20	3.850145e-20	-2.877605e-21
12            	1.316727e+00	6.583633e-01	6.583633e-01	2.362012e-02	1.179046e-02	1.182966e-02	-1.960293e-05	-7.548900e-20	2.058855e-20	3.512578e-20	3.815145e-20	-3.025663e-21
12.5          	1.309755e+00	6.548775e-01	6.548775e-01	2.280279e-02	1.135050e-02	1.145228e-02	-5.089078e-05	-7.516814e-20	2.048257e-20	3.461785e-20	3.779149e-20	-3.173643e-21
13            	1.303172e+00	6.515858e-01	6.515858e-01	2.154437e-02	1.068826e-02	1.085610e-02	-8.391808e-05	-7.485582e-20	2.037189e-20	3.410299e-20	3.742338e-20	-3.320393e-21
13.5          	1.297101e+00	6.485504e-01	6.485504e-01	1.972879e-02	9.747506e-03	9.981287e-03	-1.168905e-04	-7.455391e-20	2.025648e-20	3.360435e-20	3.705865e-20	-3.454304e-21
14            	1.291327e+00	6.456633e-01	6.456633e-01	1.743684e-02	8.570532e-03	8.866310e-03	-1.478889e-04	-7.426046e-20	2.013159e-20	3.309031e-20	3.667674e-20	-3.586434e-21
14.5          	1.285968e+00	6.429841e-01	6.429841e-01	1.473134e-02	7.190416e-03	7.540921e-03	-1.752529e-04	-7.397798e-20	1.999963e-20	3.259215e-20	3.629570e-20	-3.703552e-21
15            	1.281069e+00	6.405344e-01	6.405344e-01	1.173603e-02	5.670554e-03	6.065474e-03	-1.974602e-04	-7.370948e-20	1.986192e-20	3.210471e-20	3.591427e-20	-3.809562e-21
15.5          	1.276222e+00	6.381110e-01	6.381110e-01	8.521686e-03	4.047668e-03	4.474018e-03	-2.131746e-04	-7.344744e-20	1.971335e-20	3.159318e-20	3.550994e-20	-3.916761e-21
16            	1.271822e+00	6.359112e-01	6.359112e-01	5.222398e-03	2.389935e-03	2.832463e-03	-2.212639e-04	-7.320316e-20	1.956000e-20	3.112352e-20	3.512176e-20	-3.998236e-21
16.5          	1.267658e+00	6.338288e-01	6.338288e-01	2.002557e-03	7.802703e-04	1.222287e-03	-2.210082e-04	-7.297092e-20	1.940339e-20	3.066024e-20	3.473351e-20	-4.073268e-21
17            	1.263658e+00	6.318289e-01	6.318289e-01	-1.284652e-03	-8.544704e-04	-4.301812e-04	-2.121446e-04	-7.274825e-20	1.923709e-20	3.019408e-20	3.433413e-20	-4.140055e-21
17.5          	1.259963e+00	6.299814e-01	6.299814e-01	-4.297680e-03	-2.343539e-03	-1.954141e-03	-1.946988e-04	-7.254260e-20	1.907059e-20	2.978988e-20	3.396553e-20	-4.175646e-21
18            	1.256352e+00	6.281762e-01	6.281762e-01	-7.055175e-03	-3.696742e-03	-3.358432e-03	-1.691548e-04	-7.235022e-20	1.889746e-20	2.940447e-20	3.359969e-20	-4.195221e-21
18.5          	1.253026e+00	6.265129e-01	6.265129e-01	-9.417801e-03	-4.845208e-03	-4.572593e-03	-1.363075e-04	-7.217366e-20	1.872636e-20	2.904781e-20	3.325026e-20	-4.202453e-21
19            	1.249811e+00	6.249056e-01	6.249056e-01	-1.125649e-02	-5.725494e-03	-5.531000e-03	-9.724684e-05	-7.201242e-20	1.855748e-20	2.873512e-20	3.292504e-20	-4.189922e-21
19.5          	1.246784e+00	6.233918e-01	6.233918e-01	-1.269113e-02	-6.398802e-03	-6.292327e-03	-5.323723e-05	-7.186513e-20	1.839422e-20	2.846595e-20	3.262719e-20	-4.161239e-21
20            	1.243908e+00	6.219539e-01	6.219539e-01	-1.338670e-02	-6.698875e-03	-6.687827e-03	-5.523812e-06	-7.173460e-20	1.824014e-20	2.824137e-20	3.236082e-20	-4.119452e-21
20.5          	1.241095e+00	6.205476e-01	6.205476e-01	-1.348339e-02	-6.697451e-03	-6.785937e-03	4.424274e-05	-7.161487e-20	1.809561e-20	2.804275e-20	3.211698e-20	-4.074236e-21
21            	1.238400e+00	6.191998e-01	6.191998e-01	-1.284791e-02	-6.329615e-03	-6.518299e-03	9.434220e-05	-7.150915e-20	1.796467e-20	2.790130e-20	3.191531e-20	-4.014018e-21
21.5          	1.235855e+00	6.179273e-01	6.179273e-01	-1.154659e-02	-5.630586e-03	-5.916003e-03	1.427084e-04	-7.141471e-20	1.785011e-20	2.779856e-20	3.174939e-20	-3.950828e-21
22            	1.233363e+00	6.166817e-01	6.166817e-01	-9.581895e-03	-4.603681e-03	-4.978214e-03	1.872668e-04	-7.133247e-20	1.775162e-20	2.774266e-20	3.162295e-20	-3.880289e-21
22.5          	1.230877e+00	6.154384e-01	6.154384e-01	-6.924852e-03	-3.236398e-03	-3.688454e-03	2.260276e-04	-7.125868e-20	1.767492e-20	2.770783e-20	3.152883e-20	-3.821009e-21
23            	1.228576e+00	6.142878e-01	6.142878e-01	-3.856355e-03	-1.671104e-03	-2.185251e-03	2.570734e-04	-7.119382e-20	1.761874e-20	2.771901e-20	3.147824e-20	-3.759235e-21
23.5          	1.226261e+00	6.131305e-01	6.131305e-01	-2.861847e-04	1.356946e-04	-4.218793e-04	2.787870e-04	-7.113521e-20	1.758544e-20	2.774369e-20	3.145728e-20	-3.713589e-21
24            	1.224075e+00	6.120375e-01	6.120375e-01	3.570968e-03	2.075367e-03	1.495601e-03	2.898828e-04	-7.108267e-20	1.757399e-20	2.779548e-20	3.147173e-20	-3.676251e-21
24.5          	1.221972e+00	6.109862e-01	6.109862e-01	7.554545e-03	4.066558e-03	3.487986e-03	2.892861e-04	-7.103325e-20	1.758396e-20	2.786395e-20	3.151593e-20	-3.651986e-21
25            	1.219962e+00	6.099811e-01	6.099811e-01	1.137852e-02	5.965595e-03	5.412926e-03	2.763344e-04	-7.098479e-20	1.760860e-20	2.793651e-20	3.157686e-20	-3.640350e-21
25.5          	1.218004e+00	6.090022e-01	6.090022e-01	1.496188e-02	7.731751e-03	7.230126e-03	2.508130e-04	-7.093281e-20	1.764625e-20	2.798903e-20	3.164076e-20	-3.651728e-21
26            	1.216176e+00	6.080879e-01	6.080879e-01	1.808185e-02	9.253793e-03	8.828059e-03	2.128667e-04	-7.087755e-20	1.769357e-20	2.805221e-20	3.171967e-20	-3.667465e-21
26.5          	1.214378e+00	6.071892e-01	6.071892e-01	2.053462e-02	1.043046e-02	1.010416e-02	1.631469e-04	-7.081490e-20	1.774325e-20	2.809396e-20	3.179023e-20	-3.696266e-21
27            	1.212691e+00	6.063456e-01	6.063456e-01	2.218057e-02	1.119318e-02	1.098739e-02	1.028938e-04	-7.074423e-20	1.779257e-20	2.810858e-20	3.184686e-20	-3.738275e-21
27.5          	1.211019e+00	6.055096e-01	6.055096e-01	2.283974e-02	1.145390e-02	1.138584e-02	3.402942e-05	-7.066261e-20	1.783340e-20	2.808303e-20	3.187491e-20	-3.791885e-21
28            	1.209488e+00	6.047440e-01	6.047440e-01	2.248873e-02	1.120348e-02	1.128525e-02	-4.088136e-05	-7.057263e-20	1.786477e-20	2.802661e-20	3.187808e-20	-3.851465e-21
28.5          	1.207960e+00	6.039798e-01	6.039798e-01	2.106678e-02	1.041462e-02	1.065216e-02	-1.187695e-04	-7.047115e-20	1.788125e-20	2.791776e-20	3.184014e-20	-3.922373e-21
29            	1.206609e+00	6.033044e-01	6.033044e-01	1.848952e-02	9.048616e-03	9.440905e-03	-1.961445e-04	-7.036116e-20	1.788069e-20	2.777119e-20	3.176629e-20	-3.995096e-21
29.5          	1.205183e+00	6.025917e-01	6.025917e-01	1.504081e-02	7.251157e-03	7.789650e-03	-2.692465e-04	-7.024026e-20	1.785904e-20	2.753605e-20	3.162707e-20	-4.091022e-21
30            	1.203905e+00	6.019523e-01	6.019523e-01	1.055736e-02	4.944295e-03	5.613066e-03	-3.343855e-04	-7.011258e-20	1.781719e-20	2.727028e-20	3.145233e-20	-4.182048e-21
30.5          	1.202585e+00	6.012924e-01	6.012924e-01	5.596840e-03	2.410535e-03	3.186305e-03	-3.878851e-04	-6.998093e-20	1.775292e-20	2.693723e-20	3.122154e-20	-4.284304e-21
31            	1.201393e+00	6.006965e-01	6.006965e-01	-8.629141e-05	-4.696944e-04	3.834030e-04	-4.265487e-04	-6.984601e-20	1.766745e-20	2.657560e-20	3.095525e-20	-4.379650e-21
31.5          	1.200205e+00	6.001024e-01	6.001024e-01	-6.021670e-03	-3.458407e-03	-2.563263e-03	-4.475722e-04	-6.971240e-20	1.756330e-20	2.616599e-20	3.064629e-20	-4.480307e-21
32            	1.199128e+00	5.995642e-01	5.995642e-01	-1.183538e-02	-6.366600e-03	-5.468781e-03	-4.489096e-04	-6.958708e-20	1.744576e-20	2.574813e-20	3.031983e-20	-4.571694e-21
32.5          	1.198063e+00	5.990314e-01	5.990314e-01	-1.736667e-02	-9.112835e-03	-8.253833e-03	-4.295013e-04	-6.946816e-20	1.731574e-20	2.530479e-20	2.996813e-20	-4.663341e-21
33            	1.197136e+00	5.985678e-01	5.985678e-01	-2.221613e-02	-1.149720e-02	-1.071893e-02	-3.891388e-04	-6.936191e-20	1.718422e-20	2.487772e-20	2.962307e-20	-4.745355e-21
33.5          	1.196202e+00	5.981012e-01	5.981012e-01	-2.644198e-02	-1.354979e-02	-1.289219e-02	-3.288033e-04	-6.926598e-20	1.705177e-20	2.446548e-20	2.928450e-20	-4.819029e-21
34            	1.195337e+00	5.976683e-01	5.976683e-01	-2.931502e-02	-1.490776e-02	-1.440726e-02	-2.502488e-04	-6.919016e-20	1.692778e-20	2.408308e-20	2.896932e-20	-4.886236e-21
34.5          	1.194543e+00	5.972715e-01	5.972715e-01	-3.111764e-02	-1.571515e-02	-1.540249e-02	-1.563313e-04	-6.913170e-20	1.681592e-20	2.376876e-20	2.870030e-20	-4.931540e-21
35            	1.193818e+00	5.969090e-01	5.969090e-01	-3.157997e-02	-1.584049e-02	-1.573948e-02	-5.050035e-05	-6.909157e-20	1.672205e-20	2.350840e-20	2.847625e-20	-4.967848e-21
35.5          	1.193115e+00	5.965573e-01	5.965573e-01	-3.052524e-02	-1.519964e-02	-1.532560e-02	6.298162e-05	-6.907158e-20	1.665051e-20	2.331712e-20	2.830907e-20	-4.991949e-21
36            	1.192469e+00	5.962347e-01	5.962347e-01	-2.815708e-02	-1.389919e-02	-1.425790e-02	1.793549e-04	-6.906964e-20	1.660393e-20	2.321785e-20	2.821285e-20	-4.995009e-21
36.5          	1.191865e+00	5.959323e-01	5.959323e-01	-2.427026e-02	-1.184162e-02	-1.242864e-02	2.935118e-04	-6.908740e-20	1.658576e-20	2.320589e-20	2.818871e-20	-4.982817e-21
37            	1.191246e+00	5.956231e-01	5.956231e-01	-1.922820e-02	-9.213845e-03	-1.001435e-02	4.002536e-04	-6.911811e-20	1.659434e-20	2.327883e-20	2.823376e-20	-4.954931e-21
37.5          	1.190624e+00	5.953118e-01	5.953118e-01	-1.297630e-02	-5.993859e-03	-6.982441e-03	4.942914e-04	-6.916276e-20	1.663355e-20	2.345293e-20	2.836002e-20	-4.907090e-21
38            	1.190047e+00	5.950236e-01	5.950236e-01	-5.749341e-03	-2.304175e-03	-3.445166e-03	5.704958e-04	-6.922084e-20	1.670119e-20	2.371704e-20	2.855971e-20	-4.842673e-21
38.5          	1.189584e+00	5.947921e-01	5.947921e-01	1.691709e-03	1.470303e-03	2.214063e-04	6.244483e-04	-6.928294e-20	1.679354e-20	2.406490e-20	2.882599e-20	-4.761088e-21
39            	1.189183e+00	5.945917e-01	5.945917e-01	9.719589e-03	5.512437e-03	4.207153e-03	6.526421e-04	-6.935439e-20	1.690924e-20	2.447134e-20	2.914491e-20	-4.673567e-21
39.5          	1.188793e+00	5.943967e-01	5.943967e-01	1.755645e-02	9.430833e-03	8.125616e-03	6.526084e-04	-6.942421e-20	1.704069e-20	2.493136e-20	2.950637e-20	-4.575008e-21
40            	1.188412e+00	5.942058e-01	5.942058e-01	2.516626e-02	1.320631e-02	1.195995e-02	6.231802e-04	-6.949103e-20	1.718787e-20	2.542550e-20	2.990062e-20	-4.475125e-21
40.5          	1.188338e+00	5.941692e-01	5.941692e-01	3.179238e-02	1.646043e-02	1.533195e-02	5.642418e-04	-6.955171e-20	1.734362e-20	2.595105e-20	3.031914e-20	-4.368095e-21
41            	1.188272e+00	5.941362e-01	5.941362e-01	3.737619e-02	1.916523e-02	1.821096e-02	4.771343e-04	-6.959975e-20	1.749838e-20	2.644988e-20	3.072333e-20	-4.273442e-21
41.5          	1.188418e+00	5.942090e-01	5.942090e-01	4.175149e-02	2.124021e-02	2.051127e-02	3.644711e-04	-6.963763e-20	1.765111e-20	2.694361e-20	3.112291e-20	-4.179300e-21
42            	1.188453e+00	5.942266e-01	5.942266e-01	4.433487e-02	2.239759e-02	2.193728e-02	2.301542e-04	-6.965021e-20	1.778691e-20	2.733368e-20	3.145375e-20	-4.120066e-21
42.5          	1.188875e+00	5.944375e-01	5.944375e-01	4.516427e-02	2.266122e-02	2.250306e-02	7.908062e-05	-6.964832e-20	1.790680e-20	2.768649e-20	3.175005e-20	-4.063552e-21
43            	1.189157e+00	5.945787e-01	5.945787e-01	4.396643e-02	2.190040e-02	2.206603e-02	-8.281720e-05	-6.961731e-20	1.799639e-20	2.788598e-20	3.193938e-20	-4.053402e-21
43.5          	1.189654e+00	5.948271e-01	5.948271e-01	4.098744e-02	2.024465e-02	2.074279e-02	-2.490740e-04	-6.956865e-20	1.805917e-20	2.803068e-20	3.207451e-20	-4.043826e-21
44            	1.190069e+00	5.950343e-01	5.950343e-01	3.636000e-02	1.776717e-02	1.859283e-02	-4.128286e-04	-6.949947e-20	1.808496e-20	2.803003e-20	3.209997e-20	-4.069942e-21
44.5          	1.190550e+00	5.952750e-01	5.952750e-01	2.950892e-02	1.418735e-02	1.532157e-02	-5.671084e-04	-6.940346e-20	1.807171e-20	2.790622e-20	3.202482e-20	-4.118600e-21
45            	1.191095e+00	5.955474e-01	5.955474e-01	2.082406e-02	9.707441e-03	1.111662e-02	-7.045877e-04	-6.928932e-20	1.801525e-20	2.768483e-20	3.185767e-20	-4.172836e-21
45.5          	1.191571e+00	5.957854e-01	5.957854e-01	1.100396e-02	4.683818e-03	6.320147e-03	-8.181648e-04	-6.916382e-20	1.791962e-20	2.732222e-20	3.158073e-20	-4.258514e-21
46            	1.192409e+00	5.962047e-01	5.962047e-01	1.163462e-04	-8.434515e-04	9.597977e-04	-9.016246e-04	-6.903494e-20	1.779030e-20	2.685213e-20	3.121636e-20	-4.364234e-21
46.5          	1.193152e+00	5.965761e-01	5.965761e-01	-1.134705e-02	-6.623232e-03	-4.723816e-03	-9.497077e-04	-6.890332e-20	1.762820e-20	2.630576e-20	3.078108e-20	-4.475318e-21
47            	1.194117e+00	5.970584e-01	5.970584e-01	-2.324251e-02	-1.257963e-02	-1.066288e-02	-9.583790e-04	-6.877716e-20	1.743617e-20	2.569705e-20	3.028469e-20	-4.587641e-21
47.5          	1.195339e+00	5.976694e-01	5.976694e-01	-3.446675e-02	-1.815831e-02	-1.630844e-02	-9.249343e-04	-6.867167e-20	1.722693e-20	2.507542e-20	2.976464e-20	-4.689220e-21
48            	1.196433e+00	5.982167e-01	5.982167e-01	-4.486083e-02	-2.327900e-02	-2.158183e-02	-8.485864e-04	-6.857925e-20	1.700579e-20	2.441148e-20	2.921153e-20	-4.800051e-21
48.5          	1.198178e+00	5.990890e-01	5.990890e-01	-5.387405e-02	-2.766716e-02	-2.620689e-02	-7.301310e-04	-6.852072e-20	1.678800e-20	2.383467e-20	2.870534e-20	-4.870664e-21
49            	1.199461e+00	5.997306e-01	5.997306e-01	-6.117506e-02	-3.116011e-02	-3.001494e-02	-5.725867e-04	-6.848004e-20	1.657481e-20	2.325254e-20	2.820108e-20	-4.948539e-21
49.5          	1.201175e+00	6.005877e-01	6.005877e-01	-6.587659e-02	-3.331895e-02	-3.255764e-02	-3.806576e-04	-6.848001e-20	1.638637e-20	2.278118e-20	2.777696e-20	-4.995777e-21
50            	1.202946e+00	6.014732e-01	6.014732e-01	-6.790651e-02	-3.411432e-02	-3.379219e-02	-1.610667e-04	-6.851954e-20	1.623476e-20	2.248886e-20	2.747920e-20	-4.990333e-21
50.5          	1.204802e+00	6.024010e-01	6.024010e-01	-6.697260e-02	-3.340823e-02	-3.356437e-02	7.807253e-05	-6.859636e-20	1.612130e-20	2.235116e-20	2.729688e-20	-4.945725e-21
51            	1.206757e+00	6.033783e-01	6.033783e-01	-6.298029e-02	-3.116313e-02	-3.181716e-02	3.270174e-04	-6.871036e-20	1.605753e-20	2.236790e-20	2.724148e-20	-4.873574e-21
51.5          	1.208469e+00	6.042346e-01	6.042346e-01	-5.586896e-02	-2.735933e-02	-2.850963e-02	5.751475e-04	-6.885562e-20	1.605014e-20	2.254185e-20	2.732106e-20	-4.779213e-21
52            	1.210511e+00	6.052554e-01	6.052554e-01	-4.522133e-02	-2.179959e-02	-2.342174e-02	8.110726e-04	-6.905193e-20	1.610626e-20	2.302007e-20	2.761630e-20	-4.596227e-21
52.5          	1.212285e+00	6.061424e-01	6.061424e-01	-3.184772e-02	-1.490114e-02	-1.694658e-02	1.022719e-03	-6.927363e-20	1.622470e-20	2.366084e-20	2.805512e-20	-4.394283e-21
53            	1.213953e+00	6.069767e-01	6.069767e-01	-1.603500e-02	-6.819191e-03	-9.215812e-03	1.198310e-03	-6.952631e-20	1.640651e-20	2.449293e-20	2.865297e-20	-4.160043e-21
53.5          	1.216004e+00	6.080019e-01	6.080019e-01	1.386792e-03	2.020547e-03	-6.337549e-04	1.327151e-03	-6.980493e-20	1.665733e-20	2.555629e-20	2.943547e-20	-3.879183e-21
54            	1.218190e+00	6.090951e-01	6.090951e-01	1.933427e-02	1.106711e-02	8.267164e-03	1.399972e-03	-7.009860e-20	1.696298e-20	2.672594e-20	3.032595e-20	-3.600008e-21
54.5          	1.220315e+00	6.101575e-01	6.101575e-01	3.798104e-02	2.040056e-02	1.758047e-02	1.410046e-03	-7.040402e-20	1.731262e-20	2.803968e-20	3.133247e-20	-3.292782e-21
55            	1.222673e+00	6.113367e-01	6.113367e-01	5.575583e-02	2.923055e-02	2.652528e-02	1.352638e-03	-7.070127e-20	1.770046e-20	2.938380e-20	3.239236e-20	-3.008559e-21
55.5          	1.225312e+00	6.126562e-01	6.126562e-01	7.134942e-02	3.690105e-02	3.444837e-02	1.226342e-03	-7.098140e-20	1.810441e-20	3.079390e-20	3.350136e-20	-2.707464e-21
56            	1.228161e+00	6.140805e-01	6.140805e-01	8.437467e-02	4.322059e-02	4.115408e-02	1.033256e-03	-7.123132e-20	1.850956e-20	3.211392e-20	3.456652e-20	-2.452601e-21
56.5          	1.230878e+00	6.154390e-01	6.154390e-01	9.396065e-02	4.775956e-02	4.620109e-02	7.792347e-04	-7.143406e-20	1.888084e-20	3.327326e-20	3.551747e-20	-2.244211e-21
57            	1.233582e+00	6.167912e-01	6.167912e-01	9.930857e-02	5.012766e-02	4.918091e-02	4.733764e-04	-7.157940e-20	1.921129e-20	3.428221e-20	3.635240e-20	-2.070185e-21
57.5          	1.236616e+00	6.183080e-01	6.183080e-01	1.000041e-01	5.013014e-02	4.987398e-02	1.280803e-04	-7.166251e-20	1.948879e-20	3.509934e-20	3.703846e-20	-1.939122e-21
58            	1.238871e+00	6.194354e-01	6.194354e-01	9.512082e-02	4.731916e-02	4.780165e-02	-2.412456e-04	-7.165413e-20	1.966493e-20	3.554994e-20	3.743990e-20	-1.889960e-21
58.5          	1.241638e+00	6.208188e-01	6.208188e-01	8.500255e-02	4.188432e-02	4.311824e-02	-6.169593e-04	-7.157990e-20	1.976290e-20	3.577349e-20	3.764965e-20	-1.876160e-21
59            	1.244020e+00	6.220101e-01	6.220101e-01	6.995482e-02	3.399722e-02	3.595760e-02	-9.801882e-04	-7.143052e-20	1.975491e-20	3.565516e-20	3.758249e-20	-1.927330e-21
59.5          	1.246258e+00	6.231292e-01	6.231292e-01	5.001819e-02	2.369831e-02	2.631988e-02	-1.310787e-03	-7.121435e-20	1.963407e-20	3.518822e-20	3.722818e-20	-2.039959e-21
60            	1.247964e+00	6.239821e-01	6.239821e-01	2.637490e-02	1.159846e-02	1.477644e-02	-1.588988e-03	-7.094479e-20	1.940627e-20	3.441012e-20	3.661133e-20	-2.201211e-21
60.5          	1.250528e+00	6.252642e-01	6.252642e-01	4.425654e-04	-1.575646e-03	2.018211e-03	-1.796929e-03	-7.067616e-20	1.908858e-20	3.338121e-20	3.577918e-20	-2.397970e-21
61            	1.252027e+00	6.260135e-01	6.260135e-01	-2.725736e-02	-1.554846e-02	-1.170890e-02	-1.919776e-03	-7.037932e-20	1.867821e-20	3.201321e-20	3.468482e-20	-2.671611e-21
61.5          	1.254695e+00	6.273476e-01	6.273476e-01	-5.491909e-02	-2.940578e-02	-2.551331e-02	-1.946235e-03	-7.012224e-20	1.821469e-20	3.055479e-20	3.349208e-20	-2.937289e-21
62            	1.256941e+00	6.284705e-01	6.284705e-01	-8.048585e-02	-4.211300e-02	-3.837285e-02	-1.870076e-03	-6.990425e-20	1.772427e-20	2.897921e-20	3.221387e-20	-3.234660e-21
62.5          	1.259753e+00	6.298766e-01	6.298766e-01	-1.029925e-01	-5.318628e-02	-4.980622e-02	-1.690030e-03	-6.974626e-20	1.723623e-20	2.739729e-20	3.093488e-20	-3.537583e-21
63            	1.262447e+00	6.312234e-01	6.312234e-01	-1.204072e-01	-6.161455e-02	-5.879270e-02	-1.410927e-03	-6.966573e-20	1.677869e-20	2.598490e-20	2.977114e-20	-3.786245e-21
63.5          	1.265466e+00	6.327330e-01	6.327330e-01	-1.321249e-01	-6.710569e-02	-6.501923e-02	-1.043228e-03	-6.966502e-20	1.638635e-20	2.477541e-20	2.877405e-20	-3.998645e-21
64            	1.268776e+00	6.343880e-01	6.343880e-01	-1.369517e-01	-6.907894e-02	-6.787280e-02	-6.030727e-04	-6.975622e-20	1.607795e-20	2.394528e-20	2.805059e-20	-4.105316e-21
64.5          	1.271191e+00	6.355954e-01	6.355954e-01	-1.342920e-01	-6.725805e-02	-6.703395e-02	-1.120504e-04	-6.991028e-20	1.586884e-20	2.338893e-20	2.756331e-20	-4.174379e-21
65            	1.273360e+00	6.366802e-01	6.366802e-01	-1.239974e-01	-6.159414e-02	-6.240330e-02	4.045771e-04	-7.013926e-20	1.577128e-20	2.321768e-20	2.738012e-20	-4.162435e-21
65.5          	1.275869e+00	6.379343e-01	6.379343e-01	-1.062818e-01	-5.222207e-02	-5.405975e-02	9.188391e-04	-7.045004e-20	1.581076e-20	2.357192e-20	2.759672e-20	-4.024801e-21
66            	1.277783e+00	6.388917e-01	6.388917e-01	-8.145750e-02	-3.932680e-02	-4.213070e-02	1.401950e-03	-7.081962e-20	1.597995e-20	2.436544e-20	2.816267e-20	-3.797226e-21
66.5          	1.279340e+00	6.396702e-01	6.396702e-01	-5.016830e-02	-2.325944e-02	-2.690886e-02	1.824709e-03	-7.125648e-20	1.628299e-20	2.562895e-20	2.909747e-20	-3.468516e-21
67            	1.279974e+00	6.399868e-01	6.399868e-01	-1.589521e-02	-5.787358e-03	-1.010785e-02	2.160246e-03	-7.170536e-20	1.670146e-20	2.713846e-20	3.027069e-20	-3.132227e-21
67.5          	1.281397e+00	6.406987e-01	6.406987e-01	2.141816e-02	1.309472e-02	8.323448e-03	2.385634e-03	-7.221551e-20	1.725133e-20	2.910488e-20	3.180377e-20	-2.698890e-21
68            	1.283145e+00	6.415725e-01	6.415725e-01	5.841892e-02	3.169242e-02	2.672650e-02	2.482958e-03	-7.273777e-20	1.789774e-20	3.128232e-20	3.353890e-20	-2.256579e-21
68.5          	1.285494e+00	6.427471e-01	6.427471e-01	9.295398e-02	4.891747e-02	4.403651e-02	2.440484e-03	-7.324353e-20	1.860623e-20	3.361620e-20	3.541433e-20	-1.798133e-21
69            	1.287339e+00	6.436695e-01	6.436695e-01	1.238708e-01	6.419243e-02	5.967835e-02	2.257041e-03	-7.371543e-20	1.931960e-20	3.592784e-20	3.728352e-20	-1.355679e-21
69.5          	1.289910e+00	6.449549e-01	6.449549e-01	1.483839e-01	7.612953e-02	7.225435e-02	1.937590e-03	-7.411896e-20	2.001038e-20	3.808343e-20	3.905209e-20	-9.686584e-22
70            	1.292944e+00	6.464718e-01	6.464718e-01	1.646036e-01	8.379744e-02	8.080617e-02	1.495633e-03	-7.442191e-20	2.062974e-20	4.001283e-20	4.063615e-20	-6.233221e-22
70.5          	1.295631e+00	6.478154e-01	6.478154e-01	1.720921e-01	8.699897e-02	8.509315e-02	9.529093e-04	-7.459618e-20	2.113235e-20	4.148891e-20	4.187681e-20	-3.878987e-22
71            	1.298105e+00	6.490523e-01	6.490523e-01	1.693848e-01	8.503060e-02	8.435418e-02	3.382097e-04	-7.461370e-20	2.149036e-20	4.246692e-20	4.272382e-20	-2.568976e-22
71.5          	1.300558e+00	6.502790e-01	6.502790e-01	1.561669e-01	7.776969e-02	7.839719e-02	-3.137536e-04	-7.446821e-20	2.168320e-20	4.293802e-20	4.315221e-20	-2.141903e-22
72            	1.302142e+00	6.510709e-01	6.510709e-01	1.341944e-01	6.613069e-02	6.806370e-02	-9.665060e-04	-7.416970e-20	2.168554e-20	4.271897e-20	4.304503e-20	-3.260522e-22
72.5          	1.303755e+00	6.518774e-01	6.518774e-01	1.023540e-01	4.959538e-02	5.275860e-02	-1.581612e-03	-7.372599e-20	2.149734e-20	4.199515e-20	4.249491e-20	-4.997633e-22
73            	1.303377e+00	6.516887e-01	6.516887e-01	6.402783e-02	2.989235e-02	3.413548e-02	-2.121568e-03	-7.316565e-20	2.109498e-20	4.046078e-20	4.132537e-20	-8.645899e-22
73.5          	1.304067e+00	6.520333e-01	6.520333e-01	1.975836e-02	7.328383e-03	1.242998e-02	-2.550799e-03	-7.256413e-20	2.052983e-20	3.857675e-20	3.981821e-20	-1.241454e-21
74            	1.304685e+00	6.523426e-01	6.523426e-01	-2.661545e-02	-1.614847e-02	-1.046698e-02	-2.840745e-03	-7.196377e-20	1.982363e-20	3.622026e-20	3.793376e-20	-1.713493e-21
74.5          	1.305727e+00	6.528633e-01	6.528633e-01	-7.280709e-02	-3.937347e-02	-3.343362e-02	-2.969927e-03	-7.141904e-20	1.902613e-20	3.357887e-20	3.581556e-20	-2.236695e-21
75            	1.307447e+00	6.537235e-01	6.537235e-01	-1.149565e-01	-6.040374e-02	-5.455278e-02	-2.925480e-03	-7.097268e-20	1.820057e-20	3.090979e-20	3.365547e-20	-2.745675e-21
75.5          	1.309093e+00	6.545466e-01	6.545466e-01	-1.518674e-01	-7.863842e-02	-7.322895e-02	-2.704736e-03	-7.063783e-20	1.739244e-20	2.830459e-20	3.154473e-20	-3.240142e-21
76            	1.312155e+00	6.560773e-01	6.560773e-01	-1.809962e-01	-9.281355e-02	-8.818269e-02	-2.315431e-03	-7.045256e-20	1.668094e-20	2.608114e-20	2.972151e-20	-3.640368e-21
76.5          	1.314962e+00	6.574808e-01	6.574808e-01	-1.988317e-01	-1.011923e-01	-9.763941e-02	-1.776438e-03	-7.041886e-20	1.609262e-20	2.432142e-20	2.825333e-20	-3.931909e-21
77            	1.317578e+00	6.587890e-01	6.587890e-01	-2.053698e-01	-1.038021e-01	-1.015677e-01	-1.117203e-03	-7.051277e-20	1.566024e-20	2.308884e-20	2.720466e-20	-4.115821e-21
77.5          	1.320351e+00	6.601757e-01	6.601757e-01	-1.995459e-01	-1.001482e-01	-9.939770e-02	-3.752668e-04	-7.074133e-20	1.541175e-20	2.258494e-20	2.670422e-20	-4.119282e-21
78            	1.322171e+00	6.610856e-01	6.610856e-01	-1.817123e-01	-9.045061e-02	-9.126171e-02	4.055512e-04	-7.106599e-20	1.533348e-20	2.267044e-20	2.666870e-20	-3.998257e-21
78.5          	1.323692e+00	6.618460e-01	6.618460e-01	-1.522799e-01	-7.496128e-02	-7.731861e-02	1.178667e-03	-7.149393e-20	1.544954e-20	2.351119e-20	2.720513e-20	-3.693946e-21
79            	1.323655e+00	6.618276e-01	6.618276e-01	-1.126249e-01	-5.441508e-02	-5.820986e-02	1.897389e-03	-7.198320e-20	1.575270e-20	2.493190e-20	2.821865e-20	-3.286747e-21
79.5          	1.323462e+00	6.617308e-01	6.617308e-01	-6.455062e-02	-2.975855e-02	-3.479207e-02	2.516760e-03	-7.256102e-20	1.624488e-20	2.699211e-20	2.974094e-20	-2.748826e-21
80            	1.323111e+00	6.615554e-01	6.615554e-01	-1.154350e-02	-2.775403e-03	-8.768102e-03	2.996349e-03	-7.319728e-20	1.693027e-20	2.955483e-20	3.170768e-20	-2.152855e-21
80.5          	1.322800e+00	6.614000e-01	6.614000e-01	4.330780e-02	2.495783e-02	1.834997e-02	3.303932e-03	-7.388438e-20	1.775828e-20	3.252691e-20	3.402174e-20	-1.494824e-21
81            	1.324233e+00	6.621164e-01	6.621164e-01	9.626760e-02	5.155026e-02	4.471735e-02	3.416456e-03	-7.459333e-20	1.872578e-20	3.587097e-20	3.666127e-20	-7.902983e-22
81.5          	1.325646e+00	6.628230e-01	6.628230e-01	1.448089e-01	7.572657e-02	6.908230e-02	3.322134e-03	-7.527953e-20	1.972822e-20	3.924586e-20	3.935116e-20	-1.052936e-22
82            	1.327870e+00	6.639349e-01	6.639349e-01	1.855777e-01	9.580949e-02	8.976824e-02	3.020622e-03	-7.590497e-20	2.072827e-20	4.255456e-20	4.200555e-20	5.490074e-22
82.5          	1.330816e+00	6.654078e-01	6.654078e-01	2.145409e-01	1.097963e-01	1.047446e-01	2.525818e-03	-7.639676e-20	2.162029e-20	4.549213e-20	4.436636e-20	1.125776e-21
83            	1.334169e+00	6.670843e-01	6.670843e-01	2.308826e-01	1.173062e-01	1.135764e-01	1.864903e-03	-7.672240e-20	2.235376e-20	4.794034e-20	4.632393e-20	1.616416e-21
83.5          	1.336756e+00	6.683778e-01	6.683778e-01	2.336415e-01	1.178973e-01	1.157442e-01	1.076584e-03	-7.682961e-20	2.289161e-20	4.963874e-20	4.771098e-20	1.927765e-21
84            	1.339287e+00	6.696435e-01	6.696435e-01	2.212081e-01	1.108126e-01	1.103955e-01	2.085612e-04	-7.669600e-20	2.317168e-20	5.056795e-20	4.845566e-20	2.112296e-21
84.5          	1.340848e+00	6.704239e-01	6.704239e-01	1.954751e-01	9.705167e-02	9.842348e-02	-6.859070e-04	-7.632732e-20	2.322315e-20	5.070930e-20	4.857780e-20	2.131500e-21
85            	1.340895e+00	6.704477e-01	6.704477e-01	1.569538e-01	7.692498e-02	8.002878e-02	-1.551899e-03	-7.573266e-20	2.298582e-20	4.993810e-20	4.795486e-20	1.983233e-21
85.5          	1.339797e+00	6.698984e-01	6.698984e-01	1.073312e-01	5.132965e-02	5.600158e-02	-2.335964e-03	-7.495444e-20	2.248830e-20	4.827345e-20	4.662502e-20	1.648425e-21
86            	1.338370e+00	6.691852e-01	6.691852e-01	4.981009e-02	2.191707e-02	2.789302e-02	-2.987971e-03	-7.408437e-20	2.174969e-20	4.580201e-20	4.465069e-20	1.151314e-21
86.5          	1.337334e+00	6.686672e-01	6.686672e-01	-1.124536e-02	-9.087877e-03	-2.157479e-03	-3.465199e-03	-7.321690e-20	2.080756e-20	4.263711e-20	4.212612e-20	5.109978e-22
87            	1.337420e+00	6.687102e-01	6.687102e-01	-7.300977e-02	-4.024005e-02	-3.276972e-02	-3.735163e-03	-7.241543e-20	1.974091e-20	3.911425e-20	3.929804e-20	-1.837849e-22
87.5          	1.338588e+00	6.692941e-01	6.692941e-01	-1.308154e-01	-6.918465e-02	-6.163078e-02	-3.776933e-03	-7.175232e-20	1.863435e-20	3.548358e-20	3.637614e-20	-8.925586e-22
88            	1.340272e+00	6.701361e-01	6.701361e-01	-1.818188e-01	-9.449205e-02	-8.732678e-02	-3.582634e-03	-7.124251e-20	1.756096e-20	3.185472e-20	3.348832e-20	-1.633604e-21
88.5          	1.343665e+00	6.718326e-01	6.718326e-01	-2.215242e-01	-1.139212e-01	-1.076030e-01	-3.159103e-03	-7.094976e-20	1.663147e-20	2.874319e-20	3.100306e-20	-2.259873e-21
89            	1.347129e+00	6.735646e-01	6.735646e-01	-2.478463e-01	-1.264523e-01	-1.213940e-01	-2.529133e-03	-7.084461e-20	1.587486e-20	2.616348e-20	2.895661e-20	-2.793122e-21
89.5          	1.350139e+00	6.750697e-01	6.750697e-01	-2.583154e-01	-1.308881e-01	-1.274273e-01	-1.730436e-03	-7.091873e-20	1.535374e-20	2.439599e-20	2.755173e-20	-3.155745e-21
90            	1.352835e+00	6.764177e-01	6.764177e-01	-2.525636e-01	-1.270945e-01	-1.254691e-01	-8.127018e-04	-7.116196e-20	1.505845e-20	2.347882e-20	2.679786e-20	-3.319042e-21
90.5          	1.354232e+00	6.771162e-01	6.771162e-01	-2.316123e-01	-1.156400e-01	-1.159723e-01	1.661597e-04	-7.150844e-20	1.498465e-20	2.337891e-20	2.667410e-20	-3.295194e-21
91            	1.354858e+00	6.774289e-01	6.774289e-01	-1.954877e-01	-9.659898e-02	-9.888877e-02	1.144899e-03	-7.198183e-20	1.513561e-20	2.420077e-20	2.723599e-20	-3.035222e-21
91.5          	1.354074e+00	6.770369e-01	6.770369e-01	-1.461507e-01	-7.101280e-02	-7.513793e-02	2.062568e-03	-7.255210e-20	1.550870e-20	2.582996e-20	2.842368e-20	-2.593725e-21
92            	1.352235e+00	6.761176e-01	6.761176e-01	-8.649421e-02	-4.038579e-02	-4.610842e-02	2.861313e-03	-7.320735e-20	1.610742e-20	2.817336e-20	3.019410e-20	-2.020742e-21
92.5          	1.350374e+00	6.751871e-01	6.751871e-01	-2.104737e-02	-7.033869e-03	-1.401350e-02	3.489817e-03	-7.394266e-20	1.692168e-20	3.115974e-20	3.250155e-20	-1.341812e-21
93            	1.349299e+00	6.746496e-01	6.746496e-01	4.648600e-02	2.714945e-02	1.933655e-02	3.906446e-03	-7.474749e-20	1.794197e-20	3.468651e-20	3.528522e-20	-5.987123e-22
93.5          	1.349124e+00	6.745619e-01	6.745619e-01	1.118683e-01	6.001659e-02	5.185173e-02	4.082431e-03	-7.557673e-20	1.910253e-20	3.857701e-20	3.839104e-20	1.859718e-22
94            	1.351022e+00	6.755110e-01	6.755110e-01	1.718280e-01	8.991609e-02	8.191196e-02	4.002062e-03	-7.642679e-20	2.033264e-20	4.270083e-20	4.168306e-20	1.017778e-21
94.5          	1.353585e+00	6.767924e-01	6.767924e-01	2.209754e-01	1.141526e-01	1.068228e-01	3.664911e-03	-7.717781e-20	2.152104e-20	4.656192e-20	4.480200e-20	1.759924e-21
95            	1.356588e+00	6.782939e-01	6.782939e-01	2.557336e-01	1.309554e-01	1.247782e-01	3.088614e-03	-7.775726e-20	2.256028e-20	4.994689e-20	4.753372e-20	2.413168e-21
95.5          	1.359884e+00	6.799422e-01	6.799422e-01	2.746929e-01	1.396544e-01	1.350385e-01	2.307975e-03	-7.812426e-20	2.338524e-20	5.262126e-20	4.969587e-20	2.925391e-21
96            	1.363348e+00	6.816739e-01	6.816739e-01	2.759535e-01	1.393489e-01	1.366047e-01	1.372099e-03	-7.822531e-20	2.394787e-20	5.450666e-20	5.120120e-20	3.305455e-21
96.5          	1.365686e+00	6.828431e-01	6.828431e-01	2.596337e-01	1.301584e-01	1.294753e-01	3.415646e-04	-7.802236e-20	2.421467e-20	5.542811e-20	5.192872e-20	3.499391e-21
97            	1.365637e+00	6.828185e-01	6.828185e-01	2.278791e-01	1.132223e-01	1.146568e-01	-7.172448e-04	-7.751180e-20	2.417746e-20	5.527982e-20	5.181737e-20	3.462450e-21
97.5          	1.365327e+00	6.826633e-01	6.826633e-01	1.802262e-01	8.837514e-02	9.185108e-02	-1.737971e-03	-7.675297e-20	2.382151e-20	5.418166e-20	5.091234e-20	3.269320e-21
98            	1.363115e+00	6.815573e-01	6.815573e-01	1.200153e-01	5.735138e-02	6.266393e-02	-2.656278e-03	-7.577697e-20	2.315901e-20	5.203900e-20	4.917851e-20	2.860489e-21
98.5          	1.359906e+00	6.799530e-01	6.799530e-01	5.241066e-02	2.279171e-02	2.961895e-02	-3.413622e-03	-7.471634e-20	2.222291e-20	4.895460e-20	4.670021e-20	2.254387e-21
99            	1.358192e+00	6.790961e-01	6.790961e-01	-2.022700e-02	-1.407472e-02	-6.152279e-03	-3.961221e-03	-7.366794e-20	2.106985e-20	4.514732e-20	4.364350e-20	1.503814e-21
99.5          	1.357490e+00	6.787450e-01	6.787450e-01	-9.189294e-02	-5.020895e-02	-4.168399e-02	-4.262476e-03	-7.272716e-20	1.979411e-20	4.093450e-20	4.026136e-20	6.731399e-22
100           	1.357478e+00	6.787392e-01	6.787392e-01	-1.573259e-01	-8.295762e-02	-7.436829e-02	-4.294666e-03	-7.195717e-20	1.849228e-20	3.647769e-20	3.673112e-20	-2.534336e-22
100.5         	1.360422e+00	6.802110e-01	6.802110e-01	-2.146624e-01	-1.113822e-01	-1.032802e-01	-4.050964e-03	-7.141574e-20	1.729468e-20	3.239329e-20	3.349133e-20	-1.098039e-21
101           	1.363375e+00	6.816875e-01	6.816875e-01	-2.572938e-01	-1.321894e-01	-1.251045e-01	-3.542459e-03	-7.109986e-20	1.628051e-20	2.881894e-20	3.068998e-20	-1.871034e-21
101.5         	1.367008e+00	6.835042e-01	6.835042e-01	-2.835271e-01	-1.445634e-01	-1.389636e-01	-2.799902e-03	-7.101703e-20	1.551507e-20	2.603067e-20	2.853041e-20	-2.499739e-21
102           	1.370623e+00	6.853114e-01	6.853114e-01	-2.915422e-01	-1.476420e-01	-1.439002e-01	-1.870934e-03	-7.114193e-20	1.502762e-20	2.424427e-20	2.714975e-20	-2.905481e-21
102.5         	1.373063e+00	6.865313e-01	6.865313e-01	-2.812962e-01	-1.414643e-01	-1.398319e-01	-8.162251e-04	-7.142471e-20	1.479057e-20	2.336544e-20	2.647329e-20	-3.107853e-21
103           	1.373577e+00	6.867886e-01	6.867886e-01	-2.531889e-01	-1.262996e-01	-1.268894e-01	2.948998e-04	-7.182804e-20	1.479465e-20	2.343505e-20	2.651217e-20	-3.077123e-21
103.5         	1.373212e+00	6.866060e-01	6.866060e-01	-2.088546e-01	-1.030360e-01	-1.058187e-01	1.391336e-03	-7.235927e-20	1.503417e-20	2.450967e-20	2.728901e-20	-2.779339e-21
104           	1.371286e+00	6.856431e-01	6.856431e-01	-1.495415e-01	-7.236683e-02	-7.717467e-02	2.403922e-03	-7.300091e-20	1.552748e-20	2.653497e-20	2.879497e-20	-2.259997e-21
104.5         	1.367764e+00	6.838822e-01	6.838822e-01	-8.080539e-02	-3.713425e-02	-4.367114e-02	3.268447e-03	-7.371888e-20	1.623716e-20	2.922051e-20	3.084741e-20	-1.626900e-21
105           	1.365242e+00	6.826211e-01	6.826211e-01	-6.440823e-03	7.093482e-04	-7.150172e-03	3.929760e-03	-7.454799e-20	1.720784e-20	3.273914e-20	3.357741e-20	-8.382708e-22
105.5         	1.363889e+00	6.819447e-01	6.819447e-01	6.903529e-02	3.886233e-02	3.017296e-02	4.344684e-03	-7.544722e-20	1.840347e-20	3.681433e-20	3.681064e-20	3.696142e-24
106           	1.363954e+00	6.819769e-01	6.819769e-01	1.407252e-01	7.484706e-02	6.587814e-02	4.484458e-03	-7.637866e-20	1.972364e-20	4.123623e-20	4.034175e-20	8.944787e-22
106.5         	1.365964e+00	6.829819e-01	6.829819e-01	2.038492e-01	1.062601e-01	9.758913e-02	4.335461e-03	-7.728789e-20	2.107579e-20	4.570228e-20	4.392693e-20	1.775346e-21
107           	1.368833e+00	6.844165e-01	6.844165e-01	2.536740e-01	1.307400e-01	1.229340e-01	3.902996e-03	-7.806663e-20	2.232915e-20	4.975061e-20	4.720445e-20	2.546151e-21
107.5         	1.372574e+00	6.862869e-01	6.862869e-01	2.870493e-01	1.467372e-01	1.403121e-01	3.212519e-03	-7.864927e-20	2.339272e-20	5.321424e-20	4.999984e-20	3.214405e-21
108           	1.375742e+00	6.878710e-01	6.878710e-01	3.020450e-01	1.533314e-01	1.487136e-01	2.308917e-03	-7.896333e-20	2.416564e-20	5.577508e-20	5.205318e-20	3.721897e-21
108.5         	1.378490e+00	6.892451e-01	6.892451e-01	2.975428e-01	1.500229e-01	1.475199e-01	1.251487e-03	-7.895199e-20	2.464063e-20	5.733769e-20	5.330947e-20	4.028213e-21
109           	1.380166e+00	6.900828e-01	6.900828e-01	2.735186e-01	1.368701e-01	1.366486e-01	1.107573e-04	-7.860727e-20	2.479722e-20	5.791685e-20	5.375564e-20	4.161205e-21
109.5         	1.379664e+00	6.898322e-01	6.898322e-01	2.325205e-01	1.152218e-01	1.172988e-01	-1.038495e-03	-7.793380e-20	2.460300e-20	5.733061e-20	5.326830e-20	4.062306e-21
110           	1.377197e+00	6.885985e-01	6.885985e-01	1.760020e-01	8.587732e-02	9.012464e-02	-2.123662e-03	-7.698470e-20	2.408406e-20	5.567093e-20	5.191952e-20	3.751405e-21
110.5         	1.373582e+00	6.867908e-01	6.867908e-01	1.067986e-01	5.032314e-02	5.647543e-02	-3.076145e-03	-7.584933e-20	2.323494e-20	5.293398e-20	4.970193e-20	3.232046e-21
111           	1.370251e+00	6.851256e-01	6.851256e-01	3.095322e-02	1.164149e-02	1.931172e-02	-3.835114e-03	-7.467453e-20	2.212017e-20	4.930316e-20	4.677175e-20	2.531406e-21
111.5         	1.368513e+00	6.842567e-01	6.842567e-01	-4.693898e-02	-2.782160e-02	-1.911738e-02	-4.352109e-03	-7.358144e-20	2.080714e-20	4.501345e-20	4.331387e-20	1.699582e-21
112           	1.367812e+00	6.839060e-01	6.839060e-01	-1.226603e-01	-6.592270e-02	-5.673762e-02	-4.592541e-03	-7.261304e-20	1.939796e-20	4.030209e-20	3.954900e-20	7.530873e-22
112.5         	1.368959e+00	6.844797e-01	6.844797e-01	-1.900414e-01	-9.955754e-02	-9.048384e-02	-4.536849e-03	-7.187248e-20	1.802717e-20	3.564040e-20	3.584738e-20	-2.069724e-22
113           	1.371729e+00	6.858645e-01	6.858645e-01	-2.460538e-01	-1.272116e-01	-1.188422e-01	-4.184748e-03	-7.137477e-20	1.681296e-20	3.138773e-20	3.250683e-20	-1.119095e-21
113.5         	1.375477e+00	6.877384e-01	6.877384e-01	-2.871126e-01	-1.471121e-01	-1.400005e-01	-3.555816e-03	-7.111284e-20	1.583328e-20	2.784386e-20	2.975521e-20	-1.911349e-21
114           	1.379199e+00	6.895996e-01	6.895996e-01	-3.075442e-01	-1.564627e-01	-1.510815e-01	-2.690619e-03	-7.110931e-20	1.515429e-20	2.522641e-20	2.776749e-20	-2.541083e-21
114.5         	1.382605e+00	6.913025e-01	6.913025e-01	-3.084296e-01	-1.558620e-01	-1.525676e-01	-1.647191e-03	-7.130731e-20	1.477885e-20	2.373686e-20	2.664728e-20	-2.910414e-21
115           	1.384465e+00	6.922326e-01	6.922326e-01	-2.892130e-01	-1.451018e-01	-1.441113e-01	-4.952374e-04	-7.166931e-20	1.466076e-20	2.323057e-20	2.627604e-20	-3.045469e-21
115.5         	1.383905e+00	6.919527e-01	6.919527e-01	-2.531932e-01	-1.259081e-01	-1.272851e-01	6.885082e-04	-7.211800e-20	1.476356e-20	2.363354e-20	2.658032e-20	-2.946785e-21
116           	1.382835e+00	6.914175e-01	6.914175e-01	-1.987913e-01	-9.756729e-02	-1.012240e-01	1.828335e-03	-7.273032e-20	1.514256e-20	2.516887e-20	2.772699e-20	-2.558122e-21
116.5         	1.379166e+00	6.895828e-01	6.895828e-01	-1.315380e-01	-6.291692e-02	-6.862107e-02	2.852076e-03	-7.341904e-20	1.574782e-20	2.753321e-20	2.951442e-20	-1.981212e-21
117           	1.374807e+00	6.874034e-01	6.874034e-01	-5.545166e-02	-2.403108e-02	-3.142058e-02	3.694749e-03	-7.420470e-20	1.659600e-20	3.070726e-20	3.194963e-20	-1.242367e-21
117.5         	1.372478e+00	6.862389e-01	6.862389e-01	2.389478e-02	1.625040e-02	7.644377e-03	4.303012e-03	-7.510821e-20	1.772766e-20	3.470955e-20	3.508244e-20	-3.728883e-22
118           	1.371513e+00	6.857567e-01	6.857567e-01	1.032429e-01	5.625842e-02	4.698444e-02	4.636986e-03	-7.609373e-20	1.905506e-20	3.927217e-20	3.869115e-20	5.810275e-22
118.5         	1.371652e+00	6.858262e-01	6.858262e-01	1.754420e-01	9.239293e-02	8.304906e-02	4.671934e-03	-7.705817e-20	2.045794e-20	4.389322e-20	4.240455e-20	1.488667e-21
119           	1.374113e+00	6.870567e-01	6.870567e-01	2.364006e-01	1.226020e-01	1.137986e-01	4.401666e-03	-7.797031e-20	2.184260e-20	4.843488e-20	4.606005e-20	2.374836e-21
119.5         	1.377527e+00	6.887637e-01	6.887637e-01	2.817377e-01	1.447091e-01	1.370286e-01	3.840230e-03	-7.871498e-20	2.307024e-20	5.245357e-20	4.929703e-20	3.156544e-21
120           	1.381132e+00	6.905660e-01	6.905660e-01	3.083838e-01	1.572155e-01	1.511683e-01	3.023586e-03	-7.920422e-20	2.403703e-20	5.561561e-20	5.184484e-20	3.770770e-21
120.5         	1.384738e+00	6.923688e-01	6.923688e-01	3.150379e-01	1.595256e-01	1.555123e-01	2.006649e-03	-7.938923e-20	2.471047e-20	5.788702e-20	5.365398e-20	4.233037e-21
121           	1.386846e+00	6.934229e-01	6.934229e-01	3.020505e-01	1.518832e-01	1.501673e-01	8.579641e-04	-7.923011e-20	2.504461e-20	5.900234e-20	5.454578e-20	4.456558e-21
121.5         	1.387186e+00	6.935932e-01	6.935932e-01	2.689504e-01	1.341298e-01	1.348206e-01	-3.454229e-04	-7.870194e-20	2.501905e-20	5.902032e-20	5.452921e-20	4.491105e-21
122           	1.385846e+00	6.929231e-01	6.929231e-01	2.189159e-01	1.079327e-01	1.109832e-01	-1.525271e-03	-7.786568e-20	2.467465e-20	5.791945e-20	5.363438e-20	4.285078e-21
122.5         	1.382674e+00	6.913368e-01	6.913368e-01	1.531235e-01	7.395502e-02	7.916852e-02	-2.606750e-03	-7.676284e-20	2.396095e-20	5.571499e-20	5.181845e-20	3.896540e-21
123           	1.378788e+00	6.893938e-01	6.893938e-01	7.874039e-02	3.584877e-02	4.289162e-02	-3.521425e-03	-7.556121e-20	2.295575e-20	5.240009e-20	4.915579e-20	3.244300e-21
123.5         	1.375172e+00	6.875859e-01	6.875859e-01	-1.715846e-03	-5.069310e-03	3.353464e-03	-4.211387e-03	-7.434780e-20	2.168531e-20	4.825527e-20	4.581295e-20	2.442322e-21
124           	1.373623e+00	6.868117e-01	6.868117e-01	-8.252402e-02	-4.589414e-02	-3.662987e-02	-4.632135e-03	-7.324944e-20	2.024919e-20	4.354712e-20	4.202275e-20	1.524370e-21
124.5         	1.373646e+00	6.868230e-01	6.868230e-01	-1.580425e-01	-8.377578e-02	-7.426675e-02	-4.754512e-03	-7.234084e-20	1.878897e-20	3.865341e-20	3.811567e-20	5.377328e-22
125           	1.375805e+00	6.879024e-01	6.879024e-01	-2.244358e-01	-1.167842e-01	-1.076515e-01	-4.566349e-03	-7.167238e-20	1.741628e-20	3.394355e-20	3.438806e-20	-4.445075e-22
125.5         	1.378970e+00	6.894848e-01	6.894848e-01	-2.745285e-01	-1.413408e-01	-1.331877e-01	-4.076548e-03	-7.127845e-20	1.628402e-20	2.984203e-20	3.120503e-20	-1.363008e-21
126           	1.382635e+00	6.913176e-01	6.913176e-01	-3.067894e-01	-1.567103e-01	-1.500791e-01	-3.315576e-03	-7.113499e-20	1.542082e-20	2.659354e-20	2.871759e-20	-2.124045e-21
126.5         	1.386210e+00	6.931051e-01	6.931051e-01	-3.193951e-01	-1.620323e-01	-1.573629e-01	-2.334714e-03	-7.122130e-20	1.487998e-20	2.441276e-20	2.708636e-20	-2.673599e-21
127           	1.388899e+00	6.944494e-01	6.944494e-01	-3.112701e-01	-1.568355e-01	-1.544346e-01	-1.200447e-03	-7.149227e-20	1.463149e-20	2.332717e-20	2.629507e-20	-2.967902e-21
127.5         	1.389552e+00	6.947762e-01	6.947762e-01	-2.827854e-01	-1.413821e-01	-1.414034e-01	1.064562e-05	-7.190801e-20	1.462650e-20	2.324385e-20	2.624843e-20	-3.004578e-21
128           	1.388601e+00	6.943003e-01	6.943003e-01	-2.362688e-01	-1.169158e-01	-1.193530e-01	1.218621e-03	-7.245136e-20	1.487500e-20	2.420969e-20	2.697984e-20	-2.770151e-21
128.5         	1.384896e+00	6.924478e-01	6.924478e-01	-1.740560e-01	-8.468138e-02	-8.937458e-02	2.346600e-03	-7.308143e-20	1.534555e-20	2.604226e-20	2.836668e-20	-2.324425e-21
129           	1.381269e+00	6.906346e-01	6.906346e-01	-9.934563e-02	-4.634941e-02	-5.299622e-02	3.323406e-03	-7.385629e-20	1.610711e-20	2.898150e-20	3.059786e-20	-1.616365e-21
129.5         	1.377523e+00	6.887615e-01	6.887615e-01	-1.916969e-02	-5.497879e-03	-1.367181e-02	4.086965e-03	-7.471902e-20	1.710775e-20	3.263073e-20	3.342312e-20	-7.923900e-22
130           	1.375230e+00	6.876148e-01	6.876148e-01	6.258709e-02	3.588225e-02	2.670484e-02	4.588707e-03	-7.567338e-20	1.836557e-20	3.698860e-20	3.685987e-20	1.287300e-22
130.5         	1.375119e+00	6.875593e-01	6.875593e-01	1.413305e-01	7.546032e-02	6.587018e-02	4.795070e-03	-7.669329e-20	1.978533e-20	4.182232e-20	4.069649e-20	1.125830e-21
131           	1.376126e+00	6.880630e-01	6.880630e-01	2.101924e-01	1.097848e-01	1.004076e-01	4.688624e-03	-7.765881e-20	2.122573e-20	4.657395e-20	4.451271e-20	2.061241e-21
131.5         	1.379331e+00	6.896655e-01	6.896655e-01	2.652741e-01	1.369100e-01	1.283641e-01	4.272917e-03	-7.852479e-20	2.257466e-20	5.099056e-20	4.806994e-20	2.920619e-21
132           	1.383082e+00	6.915409e-01	6.915409e-01	3.034339e-01	1.552900e-01	1.481439e-01	3.573049e-03	-7.918279e-20	2.371168e-20	5.473670e-20	5.108003e-20	3.656667e-21
132.5         	1.386831e+00	6.934156e-01	6.934156e-01	3.214281e-01	1.633496e-01	1.580784e-01	2.635597e-03	-7.954704e-20	2.455486e-20	5.749858e-20	5.330415e-20	4.194428e-21
133           	1.389954e+00	6.949772e-01	6.949772e-01	3.184321e-01	1.607408e-01	1.576912e-01	1.524797e-03	-7.956659e-20	2.506851e-20	5.923154e-20	5.468428e-20	4.547260e-21
133.5         	1.391090e+00	6.955450e-01	6.955450e-01	2.944936e-01	1.475626e-01	1.469310e-01	3.158131e-04	-7.920390e-20	2.522441e-20	5.980907e-20	5.512895e-20	4.680124e-21
134           	1.390310e+00	6.951549e-01	6.951549e-01	2.520711e-01	1.251250e-01	1.269462e-01	-9.106041e-04	-7.850438e-20	2.502338e-20	5.921635e-20	5.463156e-20	4.584796e-21
134.5         	1.388081e+00	6.940404e-01	6.940404e-01	1.927329e-01	9.429059e-02	9.844230e-02	-2.075852e-03	-7.750244e-20	2.448341e-20	5.753323e-20	5.325003e-20	4.283209e-21
135           	1.383816e+00	6.919079e-01	6.919079e-01	1.210860e-01	5.743680e-02	6.364923e-02	-3.106216e-03	-7.630309e-20	2.361103e-20	5.469665e-20	5.095935e-20	3.737297e-21
135.5         	1.379436e+00	6.897179e-01	6.897179e-01	4.111899e-02	1.662306e-02	2.449593e-02	-3.936437e-03	-7.504067e-20	2.242534e-20	5.085942e-20	4.785505e-20	3.004373e-21
136           	1.376982e+00	6.884910e-01	6.884910e-01	-4.227714e-02	-2.565266e-02	-1.662448e-02	-4.514093e-03	-7.385078e-20	2.103591e-20	4.636533e-20	4.421857e-20	2.146757e-21
136.5         	1.375717e+00	6.878586e-01	6.878586e-01	-1.222566e-01	-6.592945e-02	-5.632715e-02	-4.801150e-03	-7.281515e-20	1.954373e-20	4.139687e-20	4.024217e-20	1.154703e-21
137           	1.376545e+00	6.882726e-01	6.882726e-01	-1.954555e-01	-1.025033e-01	-9.295216e-02	-4.775577e-03	-7.199402e-20	1.807936e-20	3.640915e-20	3.628393e-20	1.252151e-22
137.5         	1.379269e+00	6.896346e-01	6.896346e-01	-2.552155e-01	-1.320433e-01	-1.231722e-01	-4.435546e-03	-7.145383e-20	1.680192e-20	3.188651e-20	3.274517e-20	-8.586614e-22
138           	1.383184e+00	6.915921e-01	6.915921e-01	-2.975040e-01	-1.525526e-01	-1.449514e-01	-3.800626e-03	-7.118887e-20	1.578518e-20	2.816868e-20	2.986952e-20	-1.700845e-21
138.5         	1.387005e+00	6.935024e-01	6.935024e-01	-3.205274e-01	-1.631764e-01	-1.573510e-01	-2.912697e-03	-7.116046e-20	1.507183e-20	2.535977e-20	2.775171e-20	-2.391943e-21
139           	1.390376e+00	6.951882e-01	6.951882e-01	-3.221413e-01	-1.629034e-01	-1.592380e-01	-1.832698e-03	-7.135482e-20	1.469360e-20	2.374152e-20	2.656436e-20	-2.822842e-21
139.5         	1.392529e+00	6.962647e-01	6.962647e-01	-3.035299e-01	-1.523990e-01	-1.511309e-01	-6.340353e-04	-7.171662e-20	1.458159e-20	2.319236e-20	2.617777e-20	-2.985409e-21
140           	1.391219e+00	6.956093e-01	6.956093e-01	-2.656243e-01	-1.322096e-01	-1.334148e-01	6.025976e-04	-7.217124e-20	1.468898e-20	2.350210e-20	2.644003e-20	-2.937925e-21
140.5         	1.389975e+00	6.949873e-01	6.949873e-01	-2.103846e-01	-1.033952e-01	-1.069895e-01	1.797156e-03	-7.278543e-20	1.507616e-20	2.505977e-20	2.760605e-20	-2.546282e-21
141           	1.386138e+00	6.930692e-01	6.930692e-01	-1.405330e-01	-6.739258e-02	-7.314041e-02	2.873912e-03	-7.349256e-20	1.569931e-20	2.746430e-20	2.943147e-20	-1.967162e-21
141.5         	1.381376e+00	6.906879e-01	6.906879e-01	-6.122795e-02	-2.684922e-02	-3.437873e-02	3.764757e-03	-7.430898e-20	1.657576e-20	3.073929e-20	3.194540e-20	-1.206110e-21
142           	1.378277e+00	6.891384e-01	6.891384e-01	2.183004e-02	1.532863e-02	6.501414e-03	4.413606e-03	-7.523628e-20	1.773486e-20	3.487403e-20	3.517188e-20	-2.978478e-22
142.5         	1.377089e+00	6.885443e-01	6.885443e-01	1.037908e-01	5.667366e-02	4.711711e-02	4.778276e-03	-7.625142e-20	1.909781e-20	3.957471e-20	3.888517e-20	6.895414e-22
143           	1.377279e+00	6.886397e-01	6.886397e-01	1.788550e-01	9.426006e-02	8.459496e-02	4.832549e-03	-7.725949e-20	2.055891e-20	4.443134e-20	4.277458e-20	1.656760e-21
143.5         	1.379517e+00	6.897586e-01	6.897586e-01	2.425955e-01	1.258669e-01	1.167286e-01	4.569148e-03	-7.820794e-20	2.198634e-20	4.911428e-20	4.654348e-20	2.570806e-21
144           	1.383366e+00	6.916828e-01	6.916828e-01	2.900336e-01	1.490192e-01	1.410144e-01	4.002373e-03	-7.898766e-20	2.326199e-20	5.329290e-20	4.990844e-20	3.384458e-21
144.5         	1.387139e+00	6.935695e-01	6.935695e-01	3.179730e-01	1.621554e-01	1.558176e-01	3.168925e-03	-7.950227e-20	2.424865e-20	5.653785e-20	5.251758e-20	4.020270e-21
145           	1.390290e+00	6.951452e-01	6.951452e-01	3.250014e-01	1.646265e-01	1.603749e-01	2.125832e-03	-7.968903e-20	2.492726e-20	5.881236e-20	5.433344e-20	4.478917e-21
145.5         	1.392487e+00	6.962434e-01	6.962434e-01	3.112526e-01	1.565707e-01	1.546818e-01	9.444414e-04	-7.951293e-20	2.525496e-20	5.996071e-20	5.523532e-20	4.725391e-21
146           	1.392620e+00	6.963100e-01	6.963100e-01	2.778285e-01	1.386189e-01	1.392096e-01	-2.953219e-04	-7.897971e-20	2.522538e-20	5.994408e-20	5.519742e-20	4.746661e-21
146.5         	1.390944e+00	6.954721e-01	6.954721e-01	2.261960e-01	1.115857e-01	1.146103e-01	-1.512290e-03	-7.810203e-20	2.485598e-20	5.877932e-20	5.424564e-20	4.533676e-21
147           	1.387165e+00	6.935827e-01	6.935827e-01	1.587582e-01	7.675005e-02	8.200815e-02	-2.629049e-03	-7.695709e-20	2.411363e-20	5.644591e-20	5.233659e-20	4.109323e-21
147.5         	1.383221e+00	6.916103e-01	6.916103e-01	8.206699e-02	3.745838e-02	4.460861e-02	-3.575113e-03	-7.571673e-20	2.307933e-20	5.308801e-20	4.962333e-20	3.464678e-21
148           	1.379553e+00	6.897765e-01	6.897765e-01	-8.198677e-04	-4.700691e-03	3.880823e-03	-4.290757e-03	-7.446351e-20	2.177128e-20	4.884385e-20	4.619321e-20	2.650643e-21
148.5         	1.377768e+00	6.888841e-01	6.888841e-01	-8.327199e-02	-4.636607e-02	-3.690592e-02	-4.730073e-03	-7.333859e-20	2.030346e-20	4.403351e-20	4.232021e-20	1.713297e-21
149           	1.377698e+00	6.888491e-01	6.888491e-01	-1.616889e-01	-8.570743e-02	-7.598144e-02	-4.862996e-03	-7.239671e-20	1.879477e-20	3.897316e-20	3.828135e-20	6.918095e-22
149.5         	1.379718e+00	6.898592e-01	6.898592e-01	-2.287634e-01	-1.190585e-01	-1.097049e-01	-4.676760e-03	-7.171874e-20	1.740019e-20	3.417139e-20	3.448588e-20	-3.144929e-22
150           	1.382962e+00	6.914810e-01	6.914810e-01	-2.806442e-01	-1.445027e-01	-1.361415e-01	-4.180643e-03	-7.130786e-20	1.624134e-20	2.994522e-20	3.121395e-20	-1.268734e-21
150.5         	1.386798e+00	6.933990e-01	6.933990e-01	-3.135841e-01	-1.601979e-01	-1.533862e-01	-3.405897e-03	-7.116205e-20	1.537101e-20	2.664837e-20	2.869519e-20	-2.046826e-21
151           	1.390228e+00	6.951138e-01	6.951138e-01	-3.264104e-01	-1.656104e-01	-1.607999e-01	-2.405236e-03	-7.124707e-20	1.482944e-20	2.442954e-20	2.704421e-20	-2.614670e-21
151.5         	1.392781e+00	6.963903e-01	6.963903e-01	-3.175474e-01	-1.600211e-01	-1.575263e-01	-1.247382e-03	-7.152373e-20	1.458456e-20	2.330271e-20	2.623592e-20	-2.933205e-21
152           	1.393490e+00	6.967450e-01	6.967450e-01	-2.884395e-01	-1.442306e-01	-1.442089e-01	-1.087662e-05	-7.194664e-20	1.459412e-20	2.324332e-20	2.621578e-20	-2.972453e-21
152.5         	1.392150e+00	6.960748e-01	6.960748e-01	-2.409391e-01	-1.192473e-01	-1.216919e-01	1.222288e-03	-7.249141e-20	1.484855e-20	2.417763e-20	2.693737e-20	-2.759733e-21
153           	1.388308e+00	6.941538e-01	6.941538e-01	-1.769571e-01	-8.610519e-02	-9.085194e-02	2.373373e-03	-7.313584e-20	1.533732e-20	2.607813e-20	2.837639e-20	-2.298258e-21
153.5         	1.384226e+00	6.921130e-01	6.921130e-01	-1.008519e-01	-4.705621e-02	-5.379572e-02	3.369754e-03	-7.391462e-20	1.610743e-20	2.904289e-20	3.062887e-20	-1.585979e-21
154           	1.380226e+00	6.901129e-01	6.901129e-01	-1.916046e-02	-5.431829e-03	-1.372863e-02	4.148400e-03	-7.479053e-20	1.712798e-20	3.274919e-20	3.350258e-20	-7.533872e-22
154.5         	1.378115e+00	6.890573e-01	6.890573e-01	6.460582e-02	3.696276e-02	2.764306e-02	4.659852e-03	-7.577654e-20	1.842137e-20	3.724394e-20	3.704334e-20	2.006028e-22
155           	1.377678e+00	6.888392e-01	6.888392e-01	1.442622e-01	7.700099e-02	6.726120e-02	4.869894e-03	-7.680012e-20	1.985795e-20	4.213964e-20	4.092777e-20	1.211869e-21
155.5         	1.378733e+00	6.893666e-01	6.893666e-01	2.143141e-01	1.119182e-01	1.023959e-01	4.761165e-03	-7.778849e-20	2.132172e-20	4.698117e-20	4.481231e-20	2.168862e-21
156           	1.382163e+00	6.910814e-01	6.910814e-01	2.697581e-01	1.392166e-01	1.305415e-01	4.337547e-03	-7.866491e-20	2.268953e-20	5.147661e-20	4.842784e-20	3.048769e-21
156.5         	1.386098e+00	6.930489e-01	6.930489e-01	3.087941e-01	1.580220e-01	1.507721e-01	3.624970e-03	-7.934174e-20	2.384112e-20	5.526747e-20	5.147486e-20	3.792611e-21
157           	1.389550e+00	6.947748e-01	6.947748e-01	3.261795e-01	1.657610e-01	1.604185e-01	2.671252e-03	-7.968990e-20	2.467275e-20	5.799632e-20	5.367092e-20	4.325407e-21
157.5         	1.392680e+00	6.963402e-01	6.963402e-01	3.226540e-01	1.628693e-01	1.597847e-01	1.542287e-03	-7.970137e-20	2.518056e-20	5.973535e-20	5.504823e-20	4.687118e-21
158           	1.393883e+00	6.969417e-01	6.969417e-01	2.979605e-01	1.492951e-01	1.486653e-01	3.148993e-04	-7.932777e-20	2.532576e-20	6.028954e-20	5.547053e-20	4.819012e-21
158.5         	1.392916e+00	6.964579e-01	6.964579e-01	2.546050e-01	1.263738e-01	1.282312e-01	-9.287124e-04	-7.860550e-20	2.510716e-20	5.964769e-20	5.493100e-20	4.716685e-21
159           	1.390516e+00	6.952578e-01	6.952578e-01	1.939525e-01	9.486751e-02	9.908503e-02	-2.108757e-03	-7.757861e-20	2.454841e-20	5.789070e-20	5.349376e-20	4.396940e-21
159.5         	1.385815e+00	6.929073e-01	6.929073e-01	1.211763e-01	5.743757e-02	6.373874e-02	-3.150582e-03	-7.635085e-20	2.365136e-20	5.495098e-20	5.112685e-20	3.824131e-21
160           	1.381361e+00	6.906805e-01	6.906805e-01	3.999108e-02	1.600728e-02	2.398380e-02	-3.988257e-03	-7.507141e-20	2.244362e-20	5.104547e-20	4.796636e-20	3.079110e-21
160.5         	1.378944e+00	6.894720e-01	6.894720e-01	-4.462779e-02	-2.688291e-02	-1.774487e-02	-4.569020e-03	-7.386739e-20	2.102854e-20	4.648287e-20	4.426998e-20	2.212896e-21
161           	1.377597e+00	6.887984e-01	6.887984e-01	-1.253165e-01	-6.751292e-02	-5.780355e-02	-4.854683e-03	-7.282272e-20	1.951690e-20	4.145109e-20	4.024245e-20	1.208650e-21
161.5         	1.378440e+00	6.892199e-01	6.892199e-01	-1.991576e-01	-1.044021e-01	-9.475545e-02	-4.823345e-03	-7.199842e-20	1.803400e-20	3.640412e-20	3.623606e-20	1.680588e-22
162           	1.381037e+00	6.905186e-01	6.905186e-01	-2.591501e-01	-1.340487e-01	-1.251013e-01	-4.473711e-03	-7.145716e-20	1.675121e-20	3.181468e-20	3.265855e-20	-8.438755e-22
162.5         	1.385147e+00	6.925735e-01	6.925735e-01	-3.013951e-01	-1.545238e-01	-1.468713e-01	-3.826248e-03	-7.119896e-20	1.573900e-20	2.810913e-20	2.979356e-20	-1.684428e-21
163           	1.389036e+00	6.945178e-01	6.945178e-01	-3.240806e-01	-1.649643e-01	-1.591163e-01	-2.923975e-03	-7.117662e-20	1.503275e-20	2.531407e-20	2.768979e-20	-2.375718e-21
163.5         	1.392378e+00	6.961888e-01	6.961888e-01	-3.250558e-01	-1.643570e-01	-1.606987e-01	-1.829149e-03	-7.137780e-20	1.466502e-20	2.371000e-20	2.652002e-20	-2.810019e-21
164           	1.394546e+00	6.972730e-01	6.972730e-01	-3.056618e-01	-1.534474e-01	-1.522144e-01	-6.164687e-04	-7.174758e-20	1.456534e-20	2.319088e-20	2.616078e-20	-2.969904e-21
164.5         	1.392994e+00	6.964972e-01	6.964972e-01	-2.667051e-01	-1.327203e-01	-1.339848e-01	6.322513e-04	-7.220566e-20	1.468390e-20	2.352648e-20	2.644714e-20	-2.920658e-21
165           	1.391610e+00	6.958052e-01	6.958052e-01	-2.104416e-01	-1.033846e-01	-1.070569e-01	1.836159e-03	-7.282688e-20	1.508256e-20	2.512527e-20	2.764520e-20	-2.519923e-21
165.5         	1.387457e+00	6.937286e-01	6.937286e-01	-1.395575e-01	-6.685985e-02	-7.269769e-02	2.918920e-03	-7.353838e-20	1.571473e-20	2.755556e-20	2.949251e-20	-1.936953e-21
166           	1.382537e+00	6.912685e-01	6.912685e-01	-5.908986e-02	-2.573285e-02	-3.335702e-02	3.812087e-03	-7.436571e-20	1.660921e-20	3.088921e-20	3.205382e-20	-1.164611e-21
166.5         	1.379819e+00	6.899094e-01	6.899094e-01	2.431840e-02	1.661867e-02	7.699735e-03	4.459467e-03	-7.530478e-20	1.779202e-20	3.510636e-20	3.534520e-20	-2.388419e-22
167           	1.378432e+00	6.892161e-01	6.892161e-01	1.071199e-01	5.837902e-02	4.874086e-02	4.819077e-03	-7.632904e-20	1.917002e-20	3.985139e-20	3.909572e-20	7.556716e-22
167.5         	1.378480e+00	6.892399e-01	6.892399e-01	1.825032e-01	9.611654e-02	8.638671e-02	4.864916e-03	-7.734310e-20	2.063783e-20	4.472571e-20	4.300068e-20	1.725028e-21
168           	1.380891e+00	6.904456e-01	6.904456e-01	2.461070e-01	1.276439e-01	1.184631e-01	4.590388e-03	-7.829448e-20	2.207750e-20	4.945280e-20	4.680390e-20	2.648895e-21
168.5         	1.384621e+00	6.923106e-01	6.923106e-01	2.932802e-01	1.506508e-01	1.426294e-01	4.010729e-03	-7.907038e-20	2.334446e-20	5.360304e-20	5.014598e-20	3.457065e-21
169           	1.388724e+00	6.943622e-01	6.943622e-01	3.208591e-01	1.635932e-01	1.572658e-01	3.163701e-03	-7.958621e-20	2.433261e-20	5.687900e-20	5.277211e-20	4.106892e-21
169.5         	1.391827e+00	6.959136e-01	6.959136e-01	3.270740e-01	1.656445e-01	1.614295e-01	2.107544e-03	-7.975951e-20	2.499543e-20	5.910946e-20	5.455016e-20	4.559300e-21
170           	1.394045e+00	6.970224e-01	6.970224e-01	3.126376e-01	1.572335e-01	1.554041e-01	9.146976e-04	-7.957245e-20	2.531769e-20	6.024017e-20	5.543777e-20	4.802396e-21
170.5         	1.393864e+00	6.969321e-01	6.969321e-01	2.781517e-01	1.387418e-01	1.394099e-01	-3.340406e-04	-7.901345e-20	2.526711e-20	6.014873e-20	5.534147e-20	4.807252e-21
171           	1.392214e+00	6.961068e-01	6.961068e-01	2.252347e-01	1.110604e-01	1.141743e-01	-1.556954e-03	-7.811672e-20	2.487356e-20	5.892333e-20	5.433522e-20	4.588105e-21
171.5         	1.388043e+00	6.940214e-01	6.940214e-01	1.570073e-01	7.582744e-02	8.117982e-02	-2.676190e-03	-7.695124e-20	2.411152e-20	5.650353e-20	5.236328e-20	4.140244e-21
172           	1.384136e+00	6.920678e-01	6.920678e-01	7.967929e-02	3.621845e-02	4.346084e-02	-3.621191e-03	-7.570408e-20	2.306228e-20	5.309273e-20	4.960864e-20	3.484088e-21
172.5         	1.380379e+00	6.901895e-01	6.901895e-01	-3.801552e-03	-6.233146e-03	2.431593e-03	-4.332369e-03	-7.444374e-20	2.173516e-20	4.878663e-20	4.612848e-20	2.658152e-21
173           	1.378703e+00	6.893515e-01	6.893515e-01	-8.695476e-02	-4.824139e-02	-3.871336e-02	-4.764014e-03	-7.331490e-20	2.025095e-20	4.393762e-20	4.221976e-20	1.717863e-21
173.5         	1.378443e+00	6.892215e-01	6.892215e-01	-1.650654e-01	-8.741916e-02	-7.764624e-02	-4.886462e-03	-7.237690e-20	1.873803e-20	3.883396e-20	3.815501e-20	6.789452e-22
174           	1.380699e+00	6.903496e-01	6.903496e-01	-2.323745e-01	-1.208750e-01	-1.114995e-01	-4.687751e-03	-7.170391e-20	1.733707e-20	3.402272e-20	3.434843e-20	-3.257106e-22
174.5         	1.383929e+00	6.919646e-01	6.919646e-01	-2.836290e-01	-1.459925e-01	-1.376365e-01	-4.178029e-03	-7.130329e-20	1.619179e-20	2.981264e-20	3.109811e-20	-1.285465e-21
175           	1.387699e+00	6.938493e-01	6.938493e-01	-3.158508e-01	-1.613152e-01	-1.545357e-01	-3.389752e-03	-7.116675e-20	1.532685e-20	2.652326e-20	2.858848e-20	-2.065223e-21
175.5         	1.391276e+00	6.956378e-01	6.956378e-01	-3.277919e-01	-1.662727e-01	-1.615193e-01	-2.376718e-03	-7.126372e-20	1.480176e-20	2.435748e-20	2.698050e-20	-2.623015e-21
176           	1.393732e+00	6.968659e-01	6.968659e-01	-3.182698e-01	-1.603436e-01	-1.579262e-01	-1.208697e-03	-7.154434e-20	1.457391e-20	2.327673e-20	2.621227e-20	-2.935543e-21
176.5         	1.394352e+00	6.971762e-01	6.971762e-01	-2.880773e-01	-1.440036e-01	-1.440737e-01	3.504087e-05	-7.197573e-20	1.459418e-20	2.326070e-20	2.622453e-20	-2.963829e-21
177           	1.392787e+00	6.963934e-01	6.963934e-01	-2.393870e-01	-1.184214e-01	-1.209655e-01	1.272039e-03	-7.252792e-20	1.486389e-20	2.424783e-20	2.698781e-20	-2.739979e-21
177.5         	1.389183e+00	6.945917e-01	6.945917e-01	-1.749014e-01	-8.502728e-02	-8.987408e-02	2.423398e-03	-7.318046e-20	1.536529e-20	2.621511e-20	2.847285e-20	-2.257734e-21
178           	1.384800e+00	6.924002e-01	6.924002e-01	-9.784653e-02	-4.550681e-02	-5.233972e-02	3.416456e-03	-7.396552e-20	1.614861e-20	2.921474e-20	3.075598e-20	-1.541240e-21
178.5         	1.380573e+00	6.902863e-01	6.902863e-01	-1.549527e-02	-3.559243e-03	-1.193603e-02	4.188393e-03	-7.484673e-20	1.717871e-20	3.295567e-20	3.365654e-20	-7.008765e-22
179           	1.378816e+00	6.894081e-01	6.894081e-01	6.817124e-02	3.877583e-02	2.939541e-02	4.690213e-03	-7.583816e-20	1.849150e-20	3.750923e-20	3.724612e-20	2.631131e-22
179.5         	1.378540e+00	6.892702e-01	6.892702e-01	1.479309e-01	7.885379e-02	6.907710e-02	4.888348e-03	-7.687146e-20	1.993903e-20	4.244362e-20	4.116084e-20	1.282781e-21
180           	1.379673e+00	6.898367e-01	6.898367e-01	2.174803e-01	1.135062e-01	1.039741e-01	4.766051e-03	-7.785480e-20	2.140578e-20	4.728173e-20	4.504665e-20	2.235080e-21
180.5         	1.382927e+00	6.914636e-01	6.914636e-01	2.729537e-01	1.408051e-01	1.321486e-01	4.328257e-03	-7.872926e-20	2.277688e-20	5.177108e-20	4.866241e-20	3.108663e-21
181           	1.387120e+00	6.935598e-01	6.935598e-01	3.107508e-01	1.589773e-01	1.517734e-01	3.601965e-03	-7.939692e-20	2.391971e-20	5.555609e-20	5.169775e-20	3.858340e-21
181.5         	1.390451e+00	6.952255e-01	6.952255e-01	3.277199e-01	1.664961e-01	1.612238e-01	2.636172e-03	-7.973653e-20	2.473106e-20	5.823062e-20	5.384637e-20	4.384253e-21
182           	1.393544e+00	6.967718e-01	6.967718e-01	3.230850e-01	1.630401e-01	1.600448e-01	1.497652e-03	-7.972845e-20	2.521528e-20	5.989704e-20	5.516380e-20	4.733235e-21
182.5         	1.394404e+00	6.972022e-01	6.972022e-01	2.975042e-01	1.490160e-01	1.484882e-01	2.639173e-04	-7.933168e-20	2.534685e-20	6.038728e-20	5.554049e-20	4.846786e-21
183           	1.393428e+00	6.967140e-01	6.967140e-01	2.528161e-01	1.254256e-01	1.273905e-01	-9.824755e-04	-7.859021e-20	2.510623e-20	5.967969e-20	5.494608e-20	4.733620e-21
183.5         	1.390570e+00	6.952851e-01	6.952851e-01	1.915575e-01	9.361715e-02	9.794035e-02	-2.161601e-03	-7.754290e-20	2.452722e-20	5.782715e-20	5.344080e-20	4.386356e-21
184           	1.385994e+00	6.929968e-01	6.929968e-01	1.180776e-01	5.583989e-02	6.223768e-02	-3.198898e-03	-7.631108e-20	2.361593e-20	5.485451e-20	5.104318e-20	3.811330e-21
184.5         	1.381426e+00	6.907132e-01	6.907132e-01	3.572629e-02	1.383436e-02	2.189193e-02	-4.028787e-03	-7.501485e-20	2.238833e-20	5.089065e-20	4.783366e-20	3.056993e-21
185           	1.379035e+00	6.895177e-01	6.895177e-01	-4.874070e-02	-2.896929e-02	-1.977140e-02	-4.598944e-03	-7.381779e-20	2.096156e-20	4.628019e-20	4.410166e-20	2.178532e-21
185.5         	1.378077e+00	6.890385e-01	6.890385e-01	-1.290574e-01	-6.940033e-02	-5.965704e-02	-4.871647e-03	-7.278942e-20	1.944772e-20	4.123669e-20	4.006607e-20	1.170624e-21
186           	1.379257e+00	6.896285e-01	6.896285e-01	-2.024584e-01	-1.060552e-01	-9.640325e-02	-4.825967e-03	-7.198335e-20	1.797437e-20	3.622043e-20	3.608458e-20	1.358481e-22
186.5         	1.381512e+00	6.907560e-01	6.907560e-01	-2.621591e-01	-1.355411e-01	-1.266180e-01	-4.461569e-03	-7.143952e-20	1.668692e-20	3.161788e-20	3.249586e-20	-8.779791e-22
187           	1.385721e+00	6.928606e-01	6.928606e-01	-3.035949e-01	-1.555974e-01	-1.479975e-01	-3.799958e-03	-7.119163e-20	1.569342e-20	2.795839e-20	2.967262e-20	-1.714225e-21
187.5         	1.389581e+00	6.947906e-01	6.947906e-01	-3.255434e-01	-1.656569e-01	-1.598864e-01	-2.885252e-03	-7.118074e-20	1.499972e-20	2.519791e-20	2.759867e-20	-2.400768e-21
188           	1.392766e+00	6.963830e-01	6.963830e-01	-3.252283e-01	-1.643949e-01	-1.608334e-01	-1.780724e-03	-7.139253e-20	1.464749e-20	2.363929e-20	2.646714e-20	-2.827845e-21
188.5         	1.394818e+00	6.974088e-01	6.974088e-01	-3.048472e-01	-1.529854e-01	-1.518618e-01	-5.618176e-04	-7.176666e-20	1.455916e-20	2.316084e-20	2.613958e-20	-2.978736e-21
189           	1.393695e+00	6.968473e-01	6.968473e-01	-2.651287e-01	-1.318750e-01	-1.332537e-01	6.893465e-04	-7.224329e-20	1.470027e-20	2.362405e-20	2.651230e-20	-2.888247e-21
189.5         	1.392053e+00	6.960267e-01	6.960267e-01	-2.077319e-01	-1.019741e-01	-1.057578e-01	1.891823e-03	-7.286862e-20	1.510764e-20	2.524449e-20	2.772988e-20	-2.485390e-21
190           	1.387555e+00	6.937776e-01	6.937776e-01	-1.363307e-01	-6.519592e-02	-7.113481e-02	2.969447e-03	-7.357803e-20	1.574606e-20	2.769292e-20	2.959252e-20	-1.899597e-21
190.5         	1.382733e+00	6.913664e-01	6.913664e-01	-5.542439e-02	-2.385811e-02	-3.156628e-02	3.854083e-03	-7.441409e-20	1.666078e-20	3.108203e-20	3.220179e-20	-1.119763e-21
191           	1.380138e+00	6.900692e-01	6.900692e-01	2.836510e-02	1.867263e-02	9.692473e-03	4.490076e-03	-7.536290e-20	1.785946e-20	3.534534e-20	3.553213e-20	-1.867904e-22
191.5         	1.378663e+00	6.893316e-01	6.893316e-01	1.111985e-01	6.043537e-02	5.076310e-02	4.836133e-03	-7.638930e-20	1.924472e-20	4.010263e-20	3.929604e-20	8.065908e-22
192           	1.378822e+00	6.894111e-01	6.894111e-01	1.861420e-01	9.793800e-02	8.820403e-02	4.866988e-03	-7.740176e-20	2.071597e-20	4.499078e-20	4.321136e-20	1.779415e-21
192.5         	1.381395e+00	6.906974e-01	6.906974e-01	2.491622e-01	1.291582e-01	1.200040e-01	4.577075e-03	-7.835064e-20	2.215194e-20	4.970512e-20	4.700450e-20	2.700626e-21
193           	1.385109e+00	6.925544e-01	6.925544e-01	2.952941e-01	1.516298e-01	1.436643e-01	3.982729e-03	-7.911417e-20	2.340251e-20	5.381065e-20	5.030784e-20	3.502815e-21
193.5         	1.389475e+00	6.947373e-01	6.947373e-01	3.222011e-01	1.642235e-01	1.579776e-01	3.122960e-03	-7.962507e-20	2.439460e-20	5.712025e-20	5.295473e-20	4.165521e-21
194           	1.392630e+00	6.963149e-01	6.963149e-01	3.272545e-01	1.656842e-01	1.615703e-01	2.056930e-03	-7.978211e-20	2.503706e-20	5.929302e-20	5.468357e-20	4.609454e-21
194.5         	1.394597e+00	6.972983e-01	6.972983e-01	3.121844e-01	1.569499e-01	1.552345e-01	8.577237e-04	-7.957598e-20	2.534188e-20	6.035677e-20	5.552027e-20	4.836502e-21
195           	1.393978e+00	6.969889e-01	6.969889e-01	2.761100e-01	1.376615e-01	1.384485e-01	-3.934671e-04	-7.898120e-20	2.526475e-20	6.015727e-20	5.534339e-20	4.813887e-21
195.5         	1.392620e+00	6.963102e-01	6.963102e-01	2.225245e-01	1.096474e-01	1.128771e-01	-1.614887e-03	-7.808461e-20	2.485724e-20	5.890490e-20	5.430969e-20	4.595211e-21
196           	1.388273e+00	6.941367e-01	6.941367e-01	1.536073e-01	7.407475e-02	7.953251e-02	-2.728880e-03	-7.690464e-20	2.407803e-20	5.640935e-20	5.228270e-20	4.126641e-21
196.5         	1.384170e+00	6.920849e-01	6.920849e-01	7.592534e-02	3.429756e-02	4.162778e-02	-3.665110e-03	-7.565059e-20	2.301593e-20	5.294425e-20	4.948805e-20	3.456195e-21
197           	1.380255e+00	6.901277e-01	6.901277e-01	-7.843579e-03	-8.286423e-03	4.428444e-04	-4.364634e-03	-7.438774e-20	2.166903e-20	4.857447e-20	4.595627e-20	2.618202e-21
197.5         	1.378648e+00	6.893239e-01	6.893239e-01	-9.138700e-02	-5.047597e-02	-4.091103e-02	-4.782470e-03	-7.326073e-20	2.017107e-20	4.368173e-20	4.201193e-20	1.669794e-21
198           	1.378467e+00	6.892337e-01	6.892337e-01	-1.684389e-01	-8.910908e-02	-7.932986e-02	-4.889609e-03	-7.234032e-20	1.866290e-20	3.858148e-20	3.795364e-20	6.278359e-22
198.5         	1.380963e+00	6.904813e-01	6.904813e-01	-2.356402e-01	-1.224953e-01	-1.131449e-01	-4.675185e-03	-7.167841e-20	1.727586e-20	3.380151e-20	3.417661e-20	-3.750995e-22
199           	1.384286e+00	6.921429e-01	6.921429e-01	-2.860192e-01	-1.471600e-01	-1.388592e-01	-4.150428e-03	-7.129166e-20	1.613525e-20	2.961613e-20	3.094332e-20	-1.327191e-21
199.5         	1.387896e+00	6.939482e-01	6.939482e-01	-3.172657e-01	-1.619817e-01	-1.552839e-01	-3.348883e-03	-7.116603e-20	1.529622e-20	2.638907e-20	2.849075e-20	-2.101680e-21
200           	1.391736e+00	6.958682e-01	6.958682e-01	-3.279730e-01	-1.663119e-01	-1.616611e-01	-2.325396e-03	-7.127940e-20	1.478133e-20	2.427886e-20	2.692077e-20	-2.641902e-21
