Time        	Cd            	Cd(f)         	Cd(r)         	Cl            	Cl(f)         	Cl(r)         	CmPitch       	CmRoll        	CmYaw         	Cs            	Cs(f)         	Cs(r)         
200.25        	1.388272e+00	6.941360e-01	6.941360e-01	2.626012e-01	1.358240e-01	1.267772e-01	4.523406e-03	-2.345693e-20	-1.097562e-20	-2.957090e-20	-2.576107e-20	-3.809830e-21
200.5         	1.388997e+00	6.944986e-01	6.944986e-01	2.882891e-01	1.484234e-01	1.398657e-01	4.278863e-03	-2.327468e-20	-1.083590e-20	-2.979872e-20	-2.573526e-20	-4.063463e-21
200.75        	1.391930e+00	6.959648e-01	6.959648e-01	3.092119e-01	1.585653e-01	1.506466e-01	3.959322e-03	-2.310489e-20	-1.073755e-20	-2.943954e-20	-2.545731e-20	-3.982221e-21
201           	1.394320e+00	6.971599e-01	6.971599e-01	3.237835e-01	1.654618e-01	1.583217e-01	3.570059e-03	-2.299877e-20	-1.065926e-20	-2.900050e-20	-2.515951e-20	-3.840988e-21
201.25        	1.397176e+00	6.985881e-01	6.985881e-01	3.334885e-01	1.698619e-01	1.636266e-01	3.117650e-03	-2.294635e-20	-1.060904e-20	-2.869086e-20	-2.495447e-20	-3.736387e-21
201.5         	1.398909e+00	6.994544e-01	6.994544e-01	3.368451e-01	1.710327e-01	1.658123e-01	2.610205e-03	-2.295475e-20	-1.057235e-20	-2.836700e-20	-2.475585e-20	-3.611151e-21
201.75        	1.400828e+00	7.004141e-01	7.004141e-01	3.343796e-01	1.692467e-01	1.651330e-01	2.056856e-03	-2.301847e-20	-1.056247e-20	-2.819149e-20	-2.465822e-20	-3.533270e-21
202           	1.402260e+00	7.011298e-01	7.011298e-01	3.263163e-01	1.646258e-01	1.616905e-01	1.467621e-03	-2.313055e-20	-1.057319e-20	-2.811579e-20	-2.463109e-20	-3.484703e-21
202.25        	1.402711e+00	7.013553e-01	7.013553e-01	3.123243e-01	1.570152e-01	1.553091e-01	8.530600e-04	-2.329068e-20	-1.059694e-20	-2.808689e-20	-2.464039e-20	-3.446507e-21
202.5         	1.402692e+00	7.013458e-01	7.013458e-01	2.931664e-01	1.468073e-01	1.463591e-01	2.240750e-04	-2.349332e-20	-1.064046e-20	-2.816308e-20	-2.472200e-20	-3.441079e-21
202.75        	1.401930e+00	7.009648e-01	7.009648e-01	2.689557e-01	1.340696e-01	1.348861e-01	-4.082785e-04	-2.373627e-20	-1.069969e-20	-2.832658e-20	-2.486298e-20	-3.463603e-21
203           	1.400649e+00	7.003243e-01	7.003243e-01	2.398025e-01	1.188682e-01	1.209344e-01	-1.033096e-03	-2.402182e-20	-1.077730e-20	-2.857152e-20	-2.506306e-20	-3.508463e-21
203.25        	1.398227e+00	6.991134e-01	6.991134e-01	2.065224e-01	1.016215e-01	1.049009e-01	-1.639706e-03	-2.434077e-20	-1.086406e-20	-2.884045e-20	-2.528428e-20	-3.556164e-21
203.5         	1.396442e+00	6.982210e-01	6.982210e-01	1.694444e-01	8.250431e-02	8.694005e-02	-2.217870e-03	-2.469969e-20	-1.098489e-20	-2.929611e-20	-2.563294e-20	-3.663165e-21
203.75        	1.393825e+00	6.969127e-01	6.969127e-01	1.294127e-01	6.194852e-02	6.746418e-02	-2.757828e-03	-2.508523e-20	-1.111482e-20	-2.976384e-20	-2.599674e-20	-3.767096e-21
204           	1.391373e+00	6.956866e-01	6.956866e-01	8.733629e-02	4.041766e-02	4.691863e-02	-3.250485e-03	-2.549454e-20	-1.126763e-20	-3.032386e-20	-2.642956e-20	-3.894301e-21
204.25        	1.388842e+00	6.944211e-01	6.944211e-01	4.311736e-02	1.787116e-02	2.524620e-02	-3.687517e-03	-2.592883e-20	-1.143747e-20	-3.092826e-20	-2.690160e-20	-4.026656e-21
204.5         	1.386761e+00	6.933804e-01	6.933804e-01	-1.689584e-03	-4.906283e-03	3.216700e-03	-4.061491e-03	-2.637545e-20	-1.162706e-20	-3.158683e-20	-2.742048e-20	-4.166354e-21
204.75        	1.385620e+00	6.928101e-01	6.928101e-01	-4.642289e-02	-2.757732e-02	-1.884557e-02	-4.365871e-03	-2.682655e-20	-1.183897e-20	-3.231196e-20	-2.799495e-20	-4.317010e-21
205           	1.384673e+00	6.923364e-01	6.923364e-01	-9.044675e-02	-4.981852e-02	-4.062823e-02	-4.595145e-03	-2.727480e-20	-1.205687e-20	-3.304230e-20	-2.857802e-20	-4.464285e-21
205.25        	1.384408e+00	6.922041e-01	6.922041e-01	-1.337219e-01	-7.160573e-02	-6.211613e-02	-4.744799e-03	-2.772202e-20	-1.228458e-20	-3.379204e-20	-2.918060e-20	-4.611440e-21
205.5         	1.384878e+00	6.924388e-01	6.924388e-01	-1.739676e-01	-9.179554e-02	-8.217205e-02	-4.811746e-03	-2.814028e-20	-1.251183e-20	-3.455988e-20	-2.979177e-20	-4.768111e-21
205.75        	1.386030e+00	6.930152e-01	6.930152e-01	-2.116475e-01	-1.106179e-01	-1.010296e-01	-4.794197e-03	-2.853555e-20	-1.273463e-20	-3.525750e-20	-3.036338e-20	-4.894120e-21
206           	1.387586e+00	6.937929e-01	6.937929e-01	-2.458400e-01	-1.276118e-01	-1.182281e-01	-4.691852e-03	-2.889382e-20	-1.294395e-20	-3.593781e-20	-3.091285e-20	-5.024958e-21
206.25        	1.389570e+00	6.947849e-01	6.947849e-01	-2.751366e-01	-1.420744e-01	-1.330622e-01	-4.506087e-03	-2.919970e-20	-1.313836e-20	-3.656249e-20	-3.141960e-20	-5.142882e-21
206.5         	1.392218e+00	6.961092e-01	6.961092e-01	-3.004055e-01	-1.544425e-01	-1.459630e-01	-4.239764e-03	-2.946248e-20	-1.331607e-20	-3.716381e-20	-3.189798e-20	-5.265834e-21
206.75        	1.394736e+00	6.973679e-01	6.973679e-01	-3.193202e-01	-1.635575e-01	-1.557627e-01	-3.897430e-03	-2.965151e-20	-1.346285e-20	-3.767122e-20	-3.229846e-20	-5.372760e-21
207           	1.397420e+00	6.987099e-01	6.987099e-01	-3.333439e-01	-1.701570e-01	-1.631869e-01	-3.485052e-03	-2.978513e-20	-1.358467e-20	-3.810979e-20	-3.263956e-20	-5.470226e-21
207.25        	1.399728e+00	6.998640e-01	6.998640e-01	-3.410068e-01	-1.735135e-01	-1.674934e-01	-3.010053e-03	-2.984413e-20	-1.367485e-20	-3.847107e-20	-3.291038e-20	-5.560688e-21
207.5         	1.401816e+00	7.009079e-01	7.009079e-01	-3.433504e-01	-1.741563e-01	-1.691942e-01	-2.481042e-03	-2.984126e-20	-1.373633e-20	-3.875198e-20	-3.311232e-20	-5.639662e-21
207.75        	1.403484e+00	7.017422e-01	7.017422e-01	-3.391833e-01	-1.714993e-01	-1.676840e-01	-1.907643e-03	-2.976150e-20	-1.376717e-20	-3.899018e-20	-3.326226e-20	-5.727918e-21
208           	1.404633e+00	7.023167e-01	7.023167e-01	-3.292606e-01	-1.659305e-01	-1.633301e-01	-1.300210e-03	-2.961480e-20	-1.376905e-20	-3.912937e-20	-3.333374e-20	-5.795630e-21
208.25        	1.404986e+00	7.024932e-01	7.024932e-01	-3.138329e-01	-1.575861e-01	-1.562468e-01	-6.696149e-04	-2.940379e-20	-1.373923e-20	-3.916599e-20	-3.332222e-20	-5.843761e-21
208.5         	1.404297e+00	7.021484e-01	7.021484e-01	-2.925354e-01	-1.462948e-01	-1.462406e-01	-2.706173e-05	-2.912497e-20	-1.367441e-20	-3.908256e-20	-3.321569e-20	-5.866870e-21
208.75        	1.403458e+00	7.017288e-01	7.017288e-01	-2.660906e-01	-1.324291e-01	-1.336616e-01	6.162570e-04	-2.879241e-20	-1.358737e-20	-3.895929e-20	-3.306702e-20	-5.892274e-21
209           	1.401846e+00	7.009232e-01	7.009232e-01	-2.354278e-01	-1.164646e-01	-1.189632e-01	1.249274e-03	-2.841642e-20	-1.347168e-20	-3.872997e-20	-3.283666e-20	-5.893304e-21
209.25        	1.399761e+00	6.998806e-01	6.998806e-01	-2.003779e-01	-9.832776e-02	-1.020502e-01	1.861214e-03	-2.799614e-20	-1.332905e-20	-3.839521e-20	-3.252666e-20	-5.868553e-21
209.5         	1.397078e+00	6.985392e-01	6.985392e-01	-1.617684e-01	-7.844243e-02	-8.332595e-02	2.441756e-03	-2.754612e-20	-1.315973e-20	-3.795013e-20	-3.213479e-20	-5.815339e-21
209.75        	1.394468e+00	6.972341e-01	6.972341e-01	-1.200356e-01	-5.703677e-02	-6.299887e-02	2.981049e-03	-2.707381e-20	-1.297005e-20	-3.743434e-20	-3.168722e-20	-5.747115e-21
210           	1.392352e+00	6.961761e-01	6.961761e-01	-7.633371e-02	-3.469689e-02	-4.163682e-02	3.469967e-03	-2.659560e-20	-1.276538e-20	-3.686402e-20	-3.119739e-20	-5.666634e-21
210.25        	1.390166e+00	6.950829e-01	6.950829e-01	-3.147225e-02	-1.183592e-02	-1.963633e-02	3.900204e-03	-2.612009e-20	-1.254410e-20	-3.617861e-20	-3.063341e-20	-5.545200e-21
210.5         	1.388378e+00	6.941889e-01	6.941889e-01	1.496203e-02	1.174531e-02	3.216723e-03	4.264292e-03	-2.564215e-20	-1.230950e-20	-3.544674e-20	-3.003287e-20	-5.413864e-21
210.75        	1.386978e+00	6.934890e-01	6.934890e-01	6.064582e-02	3.487872e-02	2.576710e-02	4.555809e-03	-2.518719e-20	-1.207284e-20	-3.464981e-20	-2.939775e-20	-5.252063e-21
211           	1.386170e+00	6.930852e-01	6.930852e-01	1.058193e-01	5.767894e-02	4.814036e-02	4.769286e-03	-2.475191e-20	-1.183582e-20	-3.383887e-20	-2.875525e-20	-5.083616e-21
211.25        	1.386320e+00	6.931599e-01	6.931599e-01	1.492590e-01	7.952991e-02	6.972905e-02	4.900429e-03	-2.434912e-20	-1.160816e-20	-3.302096e-20	-2.811864e-20	-4.902324e-21
211.5         	1.387153e+00	6.935763e-01	6.935763e-01	1.896993e-01	9.979605e-02	8.990327e-02	4.946386e-03	-2.398953e-20	-1.139819e-20	-3.222954e-20	-2.751296e-20	-4.716582e-21
211.75        	1.388603e+00	6.943017e-01	6.943017e-01	2.276023e-01	1.187068e-01	1.088955e-01	4.905646e-03	-2.366401e-20	-1.120436e-20	-3.144233e-20	-2.692552e-20	-4.516809e-21
212           	1.390445e+00	6.952225e-01	6.952225e-01	2.609498e-01	1.352533e-01	1.256965e-01	4.778365e-03	-2.339035e-20	-1.103235e-20	-3.070831e-20	-2.638651e-20	-4.321807e-21
212.25        	1.393036e+00	6.965182e-01	6.965182e-01	2.900537e-01	1.495931e-01	1.404606e-01	4.566232e-03	-2.316424e-20	-1.088876e-20	-3.006005e-20	-2.591878e-20	-4.141269e-21
212.5         	1.395547e+00	6.977737e-01	6.977737e-01	3.138468e-01	1.611960e-01	1.526507e-01	4.272664e-03	-2.299044e-20	-1.076969e-20	-2.946191e-20	-2.550065e-20	-3.961264e-21
212.75        	1.398741e+00	6.993707e-01	6.993707e-01	3.321723e-01	1.699888e-01	1.621835e-01	3.902662e-03	-2.287175e-20	-1.068461e-20	-2.900964e-20	-2.518943e-20	-3.820212e-21
213           	1.401233e+00	7.006164e-01	7.006164e-01	3.448158e-01	1.758707e-01	1.689452e-01	3.462761e-03	-2.280225e-20	-1.061845e-20	-2.860449e-20	-2.492069e-20	-3.683797e-21
213.25        	1.403775e+00	7.018875e-01	7.018875e-01	3.513766e-01	1.786492e-01	1.727274e-01	2.960904e-03	-2.278823e-20	-1.058012e-20	-2.832348e-20	-2.474186e-20	-3.581624e-21
213.5         	1.406002e+00	7.030008e-01	7.030008e-01	3.516437e-01	1.782281e-01	1.734156e-01	2.406219e-03	-2.282886e-20	-1.056403e-20	-2.815351e-20	-2.464079e-20	-3.512721e-21
213.75        	1.407369e+00	7.036844e-01	7.036844e-01	3.459964e-01	1.748070e-01	1.711894e-01	1.808797e-03	-2.291736e-20	-1.056521e-20	-2.803622e-20	-2.458331e-20	-3.452901e-21
214           	1.408234e+00	7.041170e-01	7.041170e-01	3.339411e-01	1.681500e-01	1.657911e-01	1.179427e-03	-2.306030e-20	-1.058757e-20	-2.802431e-20	-2.459972e-20	-3.424590e-21
214.25        	1.408504e+00	7.042522e-01	7.042522e-01	3.162308e-01	1.586448e-01	1.575861e-01	5.293547e-04	-2.324952e-20	-1.062707e-20	-2.812198e-20	-2.468806e-20	-3.433923e-21
214.5         	1.407878e+00	7.039390e-01	7.039390e-01	2.931539e-01	1.464470e-01	1.467069e-01	-1.299200e-04	-2.348270e-20	-1.068042e-20	-2.827338e-20	-2.481711e-20	-3.456268e-21
214.75        	1.406729e+00	7.033646e-01	7.033646e-01	2.651669e-01	1.317965e-01	1.333704e-01	-7.869726e-04	-2.375804e-20	-1.075262e-20	-2.851322e-20	-2.500923e-20	-3.503985e-21
215           	1.404913e+00	7.024564e-01	7.024564e-01	2.320518e-01	1.145954e-01	1.174564e-01	-1.430506e-03	-2.407930e-20	-1.084145e-20	-2.883057e-20	-2.525674e-20	-3.573833e-21
215.25        	1.402408e+00	7.012042e-01	7.012042e-01	1.953285e-01	9.561459e-02	9.971394e-02	-2.049676e-03	-2.443167e-20	-1.094385e-20	-2.919364e-20	-2.554067e-20	-3.652970e-21
215.5         	1.400069e+00	7.000347e-01	7.000347e-01	1.543572e-01	7.454461e-02	7.981262e-02	-2.634009e-03	-2.482890e-20	-1.107754e-20	-2.969090e-20	-2.592299e-20	-3.767907e-21
215.75        	1.397548e+00	6.987740e-01	6.987740e-01	1.114313e-01	5.254194e-02	5.888933e-02	-3.173693e-03	-2.524682e-20	-1.122688e-20	-3.021938e-20	-2.633657e-20	-3.882812e-21
216           	1.394621e+00	6.973103e-01	6.973103e-01	6.600427e-02	2.934260e-02	3.666167e-02	-3.659537e-03	-2.569313e-20	-1.139204e-20	-3.077501e-20	-2.677954e-20	-3.995469e-21
216.25        	1.392506e+00	6.962531e-01	6.962531e-01	1.933391e-02	5.583623e-03	1.375029e-02	-4.083333e-03	-2.615960e-20	-1.158596e-20	-3.143575e-20	-2.730383e-20	-4.131922e-21
216.5         	1.391191e+00	6.955956e-01	6.955956e-01	-2.743502e-02	-1.815523e-02	-9.279782e-03	-4.437726e-03	-2.663327e-20	-1.180139e-20	-3.215022e-20	-2.787650e-20	-4.273727e-21
216.75        	1.389909e+00	6.949547e-01	6.949547e-01	-7.436447e-02	-4.189858e-02	-3.246589e-02	-4.716348e-03	-2.711312e-20	-1.202539e-20	-3.287847e-20	-2.846462e-20	-4.413845e-21
217           	1.389424e+00	6.947120e-01	6.947120e-01	-1.202209e-01	-6.502436e-02	-5.519653e-02	-4.913914e-03	-2.758829e-20	-1.226041e-20	-3.362180e-20	-2.907130e-20	-4.550492e-21
217.25        	1.389713e+00	6.948567e-01	6.948567e-01	-1.635737e-01	-8.681328e-02	-7.676046e-02	-5.026409e-03	-2.804124e-20	-1.249969e-20	-3.438695e-20	-2.969316e-20	-4.693786e-21
217.5         	1.390813e+00	6.954066e-01	6.954066e-01	-2.044779e-01	-1.072902e-01	-9.718774e-02	-5.051228e-03	-2.847298e-20	-1.273708e-20	-3.513831e-20	-3.030623e-20	-4.832077e-21
217.75        	1.392281e+00	6.961405e-01	6.961405e-01	-2.417475e-01	-1.258610e-01	-1.158865e-01	-4.987274e-03	-2.886713e-20	-1.296216e-20	-3.584157e-20	-3.088294e-20	-4.958629e-21
218           	1.394530e+00	6.972651e-01	6.972651e-01	-2.747139e-01	-1.421921e-01	-1.325218e-01	-4.835127e-03	-2.921649e-20	-1.317446e-20	-3.650821e-20	-3.142856e-20	-5.079649e-21
218.25        	1.397007e+00	6.985037e-01	6.985037e-01	-3.034396e-01	-1.563168e-01	-1.471228e-01	-4.596993e-03	-2.951782e-20	-1.336533e-20	-3.714578e-20	-3.193822e-20	-5.207558e-21
218.5         	1.400074e+00	7.000371e-01	7.000371e-01	-3.257442e-01	-1.671489e-01	-1.585953e-01	-4.276819e-03	-2.974818e-20	-1.353273e-20	-3.771855e-20	-3.239200e-20	-5.326548e-21
218.75        	1.403010e+00	7.015052e-01	7.015052e-01	-3.431112e-01	-1.754358e-01	-1.676755e-01	-3.880156e-03	-2.992122e-20	-1.366993e-20	-3.823146e-20	-3.278566e-20	-5.445797e-21
219           	1.405377e+00	7.026885e-01	7.026885e-01	-3.537730e-01	-1.803006e-01	-1.734723e-01	-3.414164e-03	-3.001379e-20	-1.377082e-20	-3.861616e-20	-3.307890e-20	-5.537263e-21
219.25        	1.408113e+00	7.040566e-01	7.040566e-01	-3.586895e-01	-1.822321e-01	-1.764575e-01	-2.887289e-03	-3.004232e-20	-1.384821e-20	-3.898532e-20	-3.334087e-20	-5.644450e-21
219.5         	1.410393e+00	7.051963e-01	7.051963e-01	-3.571229e-01	-1.808707e-01	-1.762523e-01	-2.309219e-03	-2.999404e-20	-1.389557e-20	-3.930358e-20	-3.354736e-20	-5.756215e-21
219.75        	1.411302e+00	7.056509e-01	7.056509e-01	-3.491761e-01	-1.762786e-01	-1.728975e-01	-1.690533e-03	-2.986631e-20	-1.389826e-20	-3.944231e-20	-3.361941e-20	-5.822891e-21
220           	1.412116e+00	7.060581e-01	7.060581e-01	-3.356786e-01	-1.688817e-01	-1.667969e-01	-1.042387e-03	-2.967703e-20	-1.388119e-20	-3.954736e-20	-3.365487e-20	-5.892491e-21
220.25        	1.411889e+00	7.059444e-01	7.059444e-01	-3.158190e-01	-1.582859e-01	-1.575331e-01	-3.764291e-04	-2.941297e-20	-1.382642e-20	-3.952426e-20	-3.358855e-20	-5.935711e-21
220.5         	1.411048e+00	7.055240e-01	7.055240e-01	-2.907422e-01	-1.450755e-01	-1.456667e-01	2.956121e-04	-2.909261e-20	-1.374524e-20	-3.942611e-20	-3.345830e-20	-5.967813e-21
220.75        	1.409332e+00	7.046660e-01	7.046660e-01	-2.604402e-01	-1.292580e-01	-1.311822e-01	9.620833e-04	-2.871586e-20	-1.363068e-20	-3.920128e-20	-3.323133e-20	-5.969958e-21
221           	1.407352e+00	7.036762e-01	7.036762e-01	-2.258138e-01	-1.112953e-01	-1.145185e-01	1.611592e-03	-2.829644e-20	-1.349403e-20	-3.891167e-20	-3.294986e-20	-5.961807e-21
221.25        	1.404890e+00	7.024449e-01	7.024449e-01	-1.866455e-01	-9.108960e-02	-9.555591e-02	2.233156e-03	-2.783557e-20	-1.332779e-20	-3.852849e-20	-3.259204e-20	-5.936451e-21
221.5         	1.402196e+00	7.010981e-01	7.010981e-01	-1.442003e-01	-6.928382e-02	-7.491646e-02	2.816317e-03	-2.734972e-20	-1.313856e-20	-3.803661e-20	-3.215687e-20	-5.879743e-21
221.75        	1.399452e+00	6.997259e-01	6.997259e-01	-9.985843e-02	-4.657796e-02	-5.328047e-02	3.351254e-03	-2.685792e-20	-1.293053e-20	-3.744059e-20	-3.165083e-20	-5.789760e-21
222           	1.396568e+00	6.982840e-01	6.982840e-01	-5.312990e-02	-2.273607e-02	-3.039382e-02	3.828873e-03	-2.635385e-20	-1.270176e-20	-3.676271e-20	-3.108312e-20	-5.679594e-21
222.25        	1.394854e+00	6.974268e-01	6.974268e-01	-5.804897e-03	1.338635e-03	-7.143532e-03	4.241083e-03	-2.586436e-20	-1.246662e-20	-3.601804e-20	-3.047564e-20	-5.542405e-21
222.5         	1.392996e+00	6.964980e-01	6.964980e-01	4.239260e-02	2.577696e-02	1.661564e-02	4.580663e-03	-2.537723e-20	-1.221660e-20	-3.520103e-20	-2.981712e-20	-5.383911e-21
222.75        	1.391965e+00	6.959826e-01	6.959826e-01	8.921638e-02	4.944970e-02	3.976668e-02	4.841510e-03	-2.492311e-20	-1.197181e-20	-3.435785e-20	-2.915074e-20	-5.207115e-21
223           	1.391932e+00	6.959659e-01	6.959659e-01	1.352515e-01	7.264427e-02	6.260720e-02	5.018533e-03	-2.449131e-20	-1.173319e-20	-3.353020e-20	-2.849829e-20	-5.031914e-21
223.25        	1.392286e+00	6.961432e-01	6.961432e-01	1.784770e-01	9.434662e-02	8.413040e-02	5.108112e-03	-2.410168e-20	-1.150559e-20	-3.266061e-20	-2.783590e-20	-4.824713e-21
223.5         	1.393549e+00	6.967745e-01	6.967745e-01	2.193531e-01	1.147846e-01	1.045685e-01	5.108034e-03	-2.374558e-20	-1.129734e-20	-3.184861e-20	-2.722164e-20	-4.626970e-21
223.75        	1.395493e+00	6.977466e-01	6.977466e-01	2.553302e-01	1.326828e-01	1.226473e-01	5.017742e-03	-2.344713e-20	-1.111472e-20	-3.109572e-20	-2.666258e-20	-4.433141e-21
224           	1.397688e+00	6.988440e-01	6.988440e-01	2.878608e-01	1.487687e-01	1.390922e-01	4.838256e-03	-2.318712e-20	-1.095345e-20	-3.037713e-20	-2.614202e-20	-4.235119e-21
224.25        	1.400861e+00	7.004304e-01	7.004304e-01	3.144319e-01	1.617884e-01	1.526435e-01	4.572456e-03	-2.299166e-20	-1.082933e-20	-2.977038e-20	-2.571452e-20	-4.055862e-21
224.5         	1.403390e+00	7.016952e-01	7.016952e-01	3.357482e-01	1.720989e-01	1.636493e-01	4.224817e-03	-2.284375e-20	-1.072462e-20	-2.920878e-20	-2.532901e-20	-3.879763e-21
224.75        	1.406085e+00	7.030424e-01	7.030424e-01	3.510275e-01	1.793153e-01	1.717122e-01	3.801563e-03	-2.275292e-20	-1.065111e-20	-2.876156e-20	-2.503188e-20	-3.729672e-21
225           	1.409187e+00	7.045934e-01	7.045934e-01	3.603213e-01	1.834710e-01	1.768502e-01	3.310386e-03	-2.271752e-20	-1.060919e-20	-2.845576e-20	-2.483707e-20	-3.618690e-21
225.25        	1.411051e+00	7.055253e-01	7.055253e-01	3.629174e-01	1.842191e-01	1.786984e-01	2.760357e-03	-2.273783e-20	-1.057999e-20	-2.820241e-20	-2.468119e-20	-3.521219e-21
225.5         	1.413202e+00	7.066010e-01	7.066010e-01	3.595281e-01	1.819257e-01	1.776024e-01	2.161609e-03	-2.281018e-20	-1.058420e-20	-2.810626e-20	-2.463733e-20	-3.468924e-21
225.75        	1.414069e+00	7.070346e-01	7.070346e-01	3.496493e-01	1.763498e-01	1.732995e-01	1.525150e-03	-2.293447e-20	-1.059810e-20	-2.806773e-20	-2.463196e-20	-3.435767e-21
226           	1.414416e+00	7.072082e-01	7.072082e-01	3.336093e-01	1.676672e-01	1.659421e-01	8.625046e-04	-2.311003e-20	-1.063108e-20	-2.811427e-20	-2.468821e-20	-3.426057e-21
226.25        	1.414065e+00	7.070325e-01	7.070325e-01	3.117816e-01	1.560763e-01	1.557053e-01	1.855276e-04	-2.333420e-20	-1.068190e-20	-2.824486e-20	-2.480433e-20	-3.440531e-21
226.5         	1.413193e+00	7.065963e-01	7.065963e-01	2.844746e-01	1.417434e-01	1.427312e-01	-4.938848e-04	-2.360595e-20	-1.075311e-20	-2.849471e-20	-2.500047e-20	-3.494242e-21
226.75        	1.411002e+00	7.055010e-01	7.055010e-01	2.527803e-01	1.252262e-01	1.275541e-01	-1.163975e-03	-2.391113e-20	-1.082962e-20	-2.874390e-20	-2.520157e-20	-3.542324e-21
227           	1.408563e+00	7.042816e-01	7.042816e-01	2.159153e-01	1.061443e-01	1.097710e-01	-1.813309e-03	-2.426654e-20	-1.093198e-20	-2.910803e-20	-2.548600e-20	-3.622035e-21
227.25        	1.405966e+00	7.029828e-01	7.029828e-01	1.753269e-01	8.523249e-02	9.009443e-02	-2.430970e-03	-2.465834e-20	-1.105510e-20	-2.957180e-20	-2.584099e-20	-3.730803e-21
227.5         	1.402981e+00	7.014904e-01	7.014904e-01	1.318267e-01	6.290681e-02	6.891992e-02	-3.006552e-03	-2.508003e-20	-1.119564e-20	-3.007886e-20	-2.623507e-20	-3.843790e-21
227.75        	1.400110e+00	7.000550e-01	7.000550e-01	8.607469e-02	3.950701e-02	4.656768e-02	-3.530337e-03	-2.552716e-20	-1.136088e-20	-3.066394e-20	-2.669285e-20	-3.971097e-21
228           	1.397781e+00	6.988907e-01	6.988907e-01	3.881620e-02	1.541461e-02	2.340158e-02	-3.993485e-03	-2.599768e-20	-1.155083e-20	-3.131264e-20	-2.720715e-20	-4.105492e-21
228.25        	1.395630e+00	6.978149e-01	6.978149e-01	-9.375964e-03	-9.076059e-03	-2.999056e-04	-4.388077e-03	-2.648244e-20	-1.175847e-20	-3.198883e-20	-2.775289e-20	-4.235943e-21
228.5         	1.394318e+00	6.971590e-01	6.971590e-01	-5.784059e-02	-3.362747e-02	-2.421313e-02	-4.707169e-03	-2.697692e-20	-1.198592e-20	-3.274868e-20	-2.836026e-20	-4.388425e-21
228.75        	1.393109e+00	6.965546e-01	6.965546e-01	-1.051162e-01	-5.750302e-02	-4.761316e-02	-4.944927e-03	-2.746217e-20	-1.221887e-20	-3.349694e-20	-2.896734e-20	-4.529596e-21
229           	1.393467e+00	6.967334e-01	6.967334e-01	-1.504354e-01	-8.031436e-02	-7.012099e-02	-5.096682e-03	-2.793623e-20	-1.246669e-20	-3.430595e-20	-2.961966e-20	-4.686284e-21
229.25        	1.394105e+00	6.970524e-01	6.970524e-01	-1.937401e-01	-1.020292e-01	-9.171089e-02	-5.159182e-03	-2.839246e-20	-1.270945e-20	-3.506833e-20	-3.024362e-20	-4.824716e-21
229.5         	1.395627e+00	6.978136e-01	6.978136e-01	-2.330567e-01	-1.216591e-01	-1.113976e-01	-5.130775e-03	-2.880781e-20	-1.294552e-20	-3.582069e-20	-3.085586e-20	-4.964826e-21
229.75        	1.397481e+00	6.987404e-01	6.987404e-01	-2.688288e-01	-1.394258e-01	-1.294031e-01	-5.011364e-03	-2.918664e-20	-1.316463e-20	-3.652083e-20	-3.142504e-20	-5.095786e-21
230           	1.400161e+00	7.000805e-01	7.000805e-01	-2.991051e-01	-1.543552e-01	-1.447499e-01	-4.802652e-03	-2.950627e-20	-1.336895e-20	-3.718773e-20	-3.196281e-20	-5.224917e-21
230.25        	1.402941e+00	7.014704e-01	7.014704e-01	-3.246596e-01	-1.668378e-01	-1.578217e-01	-4.508038e-03	-2.977168e-20	-1.354438e-20	-3.777636e-20	-3.243256e-20	-5.343806e-21
230.5         	1.405835e+00	7.029173e-01	7.029173e-01	-3.441845e-01	-1.762249e-01	-1.679596e-01	-4.132658e-03	-2.996853e-20	-1.369089e-20	-3.829201e-20	-3.283689e-20	-5.455118e-21
230.75        	1.408885e+00	7.044425e-01	7.044425e-01	-3.574771e-01	-1.824219e-01	-1.750552e-01	-3.683311e-03	-3.009309e-20	-1.381014e-20	-3.877972e-20	-3.320000e-20	-5.579719e-21
231           	1.411471e+00	7.057355e-01	7.057355e-01	-3.647794e-01	-1.855580e-01	-1.792215e-01	-3.168244e-03	-3.014722e-20	-1.389596e-20	-3.914999e-20	-3.347095e-20	-5.679042e-21
231.25        	1.413900e+00	7.069500e-01	7.069500e-01	-3.652438e-01	-1.852189e-01	-1.800249e-01	-2.597029e-03	-3.012073e-20	-1.394955e-20	-3.948711e-20	-3.369310e-20	-5.794008e-21
231.5         	1.414907e+00	7.074535e-01	7.074535e-01	-3.592971e-01	-1.816288e-01	-1.776683e-01	-1.980227e-03	-3.001626e-20	-1.396115e-20	-3.964996e-20	-3.378614e-20	-5.863827e-21
231.75        	1.415892e+00	7.079459e-01	7.079459e-01	-3.473352e-01	-1.749967e-01	-1.723385e-01	-1.329114e-03	-2.984284e-20	-1.395068e-20	-3.979395e-20	-3.384766e-20	-5.946289e-21
232           	1.416504e+00	7.082521e-01	7.082521e-01	-3.295740e-01	-1.654425e-01	-1.641315e-01	-6.555032e-04	-2.960415e-20	-1.391347e-20	-3.986439e-20	-3.384567e-20	-6.018723e-21
232.25        	1.415339e+00	7.076696e-01	7.076696e-01	-3.056691e-01	-1.528059e-01	-1.528631e-01	2.859195e-05	-2.929185e-20	-1.383133e-20	-3.975532e-20	-3.370900e-20	-6.046328e-21
232.5         	1.413785e+00	7.068925e-01	7.068925e-01	-2.764814e-01	-1.375295e-01	-1.389519e-01	7.112249e-04	-2.892465e-20	-1.372604e-20	-3.957624e-20	-3.351417e-20	-6.062078e-21
232.75        	1.411809e+00	7.059047e-01	7.059047e-01	-2.426088e-01	-1.199238e-01	-1.226850e-01	1.380613e-03	-2.851072e-20	-1.359319e-20	-3.931246e-20	-3.324942e-20	-6.063041e-21
233           	1.408947e+00	7.044733e-01	7.044733e-01	-2.042385e-01	-1.000938e-01	-1.041447e-01	2.025419e-03	-2.805303e-20	-1.342995e-20	-3.891491e-20	-3.288741e-20	-6.027503e-21
233.25        	1.406240e+00	7.031199e-01	7.031199e-01	-1.623659e-01	-7.854814e-02	-8.381773e-02	2.634796e-03	-2.756799e-20	-1.324451e-20	-3.845879e-20	-3.247390e-20	-5.984886e-21
233.5         	1.403283e+00	7.016417e-01	7.016417e-01	-1.176353e-01	-5.561919e-02	-6.201613e-02	3.198470e-03	-2.706631e-20	-1.303666e-20	-3.788529e-20	-3.197930e-20	-5.905986e-21
233.75        	1.400498e+00	7.002490e-01	7.002490e-01	-7.136931e-02	-3.197772e-02	-3.939160e-02	3.706940e-03	-2.656309e-20	-1.281350e-20	-3.722229e-20	-3.142464e-20	-5.797647e-21
234           	1.398153e+00	6.990767e-01	6.990767e-01	-2.318970e-02	-7.443247e-03	-1.574645e-02	4.151602e-03	-2.605715e-20	-1.257402e-20	-3.650042e-20	-3.082423e-20	-5.676193e-21
234.25        	1.396827e+00	6.984134e-01	6.984134e-01	2.543183e-02	1.724073e-02	8.191104e-03	4.524811e-03	-2.556413e-20	-1.232965e-20	-3.574100e-20	-3.020015e-20	-5.540847e-21
234.5         	1.395071e+00	6.975357e-01	6.975357e-01	7.412552e-02	4.188270e-02	3.224282e-02	4.819940e-03	-2.508227e-20	-1.207391e-20	-3.487658e-20	-2.951220e-20	-5.364377e-21
234.75        	1.394353e+00	6.971765e-01	6.971765e-01	1.209638e-01	6.551340e-02	5.545043e-02	5.031483e-03	-2.463736e-20	-1.182711e-20	-3.399997e-20	-2.882709e-20	-5.172872e-21
235           	1.394704e+00	6.973518e-01	6.973518e-01	1.664255e-01	8.836790e-02	7.805755e-02	5.155174e-03	-2.422158e-20	-1.159155e-20	-3.314542e-20	-2.816426e-20	-4.981157e-21
235.25        	1.395490e+00	6.977451e-01	6.977451e-01	2.080289e-01	1.092028e-01	9.882614e-02	5.188326e-03	-2.385571e-20	-1.137408e-20	-3.228313e-20	-2.751565e-20	-4.767487e-21
235.5         	1.397084e+00	6.985421e-01	6.985421e-01	2.470651e-01	1.286623e-01	1.184029e-01	5.129707e-03	-2.352398e-20	-1.117748e-20	-3.148475e-20	-2.691985e-20	-4.564897e-21
235.75        	1.399715e+00	6.998576e-01	6.998576e-01	2.808593e-01	1.454095e-01	1.354498e-01	4.979887e-03	-2.325365e-20	-1.101261e-20	-3.075392e-20	-2.638957e-20	-4.364356e-21
236           	1.402152e+00	7.010759e-01	7.010759e-01	3.101213e-01	1.598018e-01	1.503195e-01	4.741125e-03	-2.302937e-20	-1.086984e-20	-3.007699e-20	-2.590834e-20	-4.168653e-21
236.25        	1.405022e+00	7.025110e-01	7.025110e-01	3.336316e-01	1.712333e-01	1.623984e-01	4.417448e-03	-2.286170e-20	-1.075846e-20	-2.949850e-20	-2.550771e-20	-3.990789e-21
236.5         	1.408553e+00	7.042764e-01	7.042764e-01	3.512799e-01	1.796546e-01	1.716254e-01	4.014609e-03	-2.275256e-20	-1.068486e-20	-2.907591e-20	-2.522281e-20	-3.853101e-21
236.75        	1.410646e+00	7.053231e-01	7.053231e-01	3.624422e-01	1.847611e-01	1.776811e-01	3.539981e-03	-2.269701e-20	-1.062356e-20	-2.863801e-20	-2.494257e-20	-3.695443e-21
237           	1.412994e+00	7.064968e-01	7.064968e-01	3.673400e-01	1.866723e-01	1.806676e-01	3.002332e-03	-2.269844e-20	-1.059341e-20	-2.836734e-20	-2.477708e-20	-3.590260e-21
237.25        	1.415510e+00	7.077551e-01	7.077551e-01	3.658054e-01	1.853144e-01	1.804911e-01	2.411657e-03	-2.275742e-20	-1.059096e-20	-2.825894e-20	-2.472043e-20	-3.538511e-21
237.5         	1.416564e+00	7.082821e-01	7.082821e-01	3.578900e-01	1.807239e-01	1.771661e-01	1.778906e-03	-2.286459e-20	-1.060126e-20	-2.816921e-20	-2.468586e-20	-3.483344e-21
237.75        	1.417020e+00	7.085098e-01	7.085098e-01	3.435683e-01	1.728998e-01	1.706685e-01	1.115623e-03	-2.302621e-20	-1.062919e-20	-2.817803e-20	-2.471820e-20	-3.459826e-21
238           	1.416781e+00	7.083907e-01	7.083907e-01	3.234115e-01	1.621395e-01	1.612720e-01	4.337898e-04	-2.323530e-20	-1.067461e-20	-2.828765e-20	-2.481844e-20	-3.469211e-21
238.25        	1.415647e+00	7.078235e-01	7.078235e-01	2.978034e-01	1.486472e-01	1.491562e-01	-2.545231e-04	-2.348975e-20	-1.073308e-20	-2.846086e-20	-2.496351e-20	-3.497356e-21
238.5         	1.414062e+00	7.070312e-01	7.070312e-01	2.667415e-01	1.324334e-01	1.343081e-01	-9.373170e-04	-2.379271e-20	-1.081334e-20	-2.873130e-20	-2.517899e-20	-3.552308e-21
238.75        	1.411652e+00	7.058260e-01	7.058260e-01	2.315032e-01	1.141487e-01	1.173545e-01	-1.602887e-03	-2.413070e-20	-1.090597e-20	-2.906429e-20	-2.543811e-20	-3.626175e-21
239           	1.409016e+00	7.045080e-01	7.045080e-01	1.913406e-01	9.343032e-02	9.791030e-02	-2.239991e-03	-2.451791e-20	-1.102514e-20	-2.951241e-20	-2.578134e-20	-3.731070e-21
239.25        	1.406052e+00	7.030260e-01	7.030260e-01	1.478845e-01	7.110432e-02	7.678015e-02	-2.837917e-03	-2.493807e-20	-1.116340e-20	-3.001288e-20	-2.616984e-20	-3.843042e-21
239.5         	1.402976e+00	7.014882e-01	7.014882e-01	1.023390e-01	4.778291e-02	5.455611e-02	-3.386599e-03	-2.538206e-20	-1.132001e-20	-3.056468e-20	-2.660235e-20	-3.962326e-21
239.75        	1.400123e+00	7.000617e-01	7.000617e-01	5.496679e-02	2.360663e-02	3.136016e-02	-3.876769e-03	-2.584954e-20	-1.149850e-20	-3.118624e-20	-2.709162e-20	-4.094616e-21
240           	1.398364e+00	6.991822e-01	6.991822e-01	6.388733e-03	-1.105765e-03	7.494498e-03	-4.300132e-03	-2.633896e-20	-1.171111e-20	-3.190424e-20	-2.766323e-20	-4.241011e-21
240.25        	1.396484e+00	6.982420e-01	6.982420e-01	-4.231773e-02	-2.580820e-02	-1.650953e-02	-4.649338e-03	-2.683207e-20	-1.193129e-20	-3.262291e-20	-2.824275e-20	-4.380163e-21
240.5         	1.395255e+00	6.976275e-01	6.976275e-01	-9.053438e-02	-5.018529e-02	-4.034909e-02	-4.918103e-03	-2.732705e-20	-1.216481e-20	-3.337631e-20	-2.885296e-20	-4.523349e-21
240.75        	1.395195e+00	6.975974e-01	6.975974e-01	-1.376264e-01	-7.391446e-02	-6.371195e-02	-5.101259e-03	-2.781760e-20	-1.241477e-20	-3.418907e-20	-2.950930e-20	-4.679769e-21
241           	1.395493e+00	6.977465e-01	6.977465e-01	-1.814745e-01	-9.593237e-02	-8.554213e-02	-5.195120e-03	-2.827710e-20	-1.265681e-20	-3.494077e-20	-3.012720e-20	-4.813568e-21
241.25        	1.396723e+00	6.983614e-01	6.983614e-01	-2.229806e-01	-1.166877e-01	-1.062929e-01	-5.197404e-03	-2.871542e-20	-1.289823e-20	-3.571096e-20	-3.075371e-20	-4.957244e-21
241.5         	1.398609e+00	6.993046e-01	6.993046e-01	-2.597947e-01	-1.350049e-01	-1.247898e-01	-5.107541e-03	-2.910529e-20	-1.312563e-20	-3.643106e-20	-3.134117e-20	-5.089899e-21
241.75        	1.401023e+00	7.005116e-01	7.005116e-01	-2.926279e-01	-1.512406e-01	-1.413873e-01	-4.926629e-03	-2.945242e-20	-1.333592e-20	-3.712073e-20	-3.189628e-20	-5.224447e-21
242           	1.403809e+00	7.019045e-01	7.019045e-01	-3.200492e-01	-1.646822e-01	-1.553670e-01	-4.657589e-03	-2.973914e-20	-1.352246e-20	-3.773427e-20	-3.238959e-20	-5.344680e-21
242.25        	1.407079e+00	7.035393e-01	7.035393e-01	-3.416504e-01	-1.751302e-01	-1.665201e-01	-4.305055e-03	-2.996054e-20	-1.368283e-20	-3.831096e-20	-3.283831e-20	-5.472652e-21
242.5         	1.409683e+00	7.048415e-01	7.048415e-01	-3.569494e-01	-1.823501e-01	-1.745993e-01	-3.875396e-03	-3.010664e-20	-1.380444e-20	-3.875160e-20	-3.318024e-20	-5.571366e-21
242.75        	1.412377e+00	7.061887e-01	7.061887e-01	-3.662813e-01	-1.865171e-01	-1.797641e-01	-3.376507e-03	-3.018321e-20	-1.389886e-20	-3.915880e-20	-3.347827e-20	-5.680537e-21
243           	1.414413e+00	7.072066e-01	7.072066e-01	-3.687110e-01	-1.871732e-01	-1.815378e-01	-2.817684e-03	-3.017816e-20	-1.395710e-20	-3.944951e-20	-3.368186e-20	-5.767651e-21
243.25        	1.416491e+00	7.082455e-01	7.082455e-01	-3.649779e-01	-1.846982e-01	-1.802796e-01	-2.209309e-03	-3.010187e-20	-1.398881e-20	-3.972996e-20	-3.385379e-20	-5.876175e-21
243.5         	1.417376e+00	7.086880e-01	7.086880e-01	-3.548902e-01	-1.790077e-01	-1.758825e-01	-1.562614e-03	-2.994852e-20	-1.398285e-20	-3.987679e-20	-3.392124e-20	-5.955548e-21
243.75        	1.417627e+00	7.088137e-01	7.088137e-01	-3.384941e-01	-1.701365e-01	-1.683577e-01	-8.893887e-04	-2.972202e-20	-1.394708e-20	-3.991880e-20	-3.390648e-20	-6.012323e-21
244           	1.417242e+00	7.086211e-01	7.086211e-01	-3.161587e-01	-1.582811e-01	-1.578776e-01	-2.017332e-04	-2.942907e-20	-1.388132e-20	-3.988695e-20	-3.382479e-20	-6.062154e-21
244.25        	1.416239e+00	7.081195e-01	7.081195e-01	-2.882930e-01	-1.436582e-01	-1.446347e-01	4.882557e-04	-2.907658e-20	-1.378519e-20	-3.976666e-20	-3.366853e-20	-6.098136e-21
244.5         	1.414033e+00	7.070164e-01	7.070164e-01	-2.560103e-01	-1.268365e-01	-1.291738e-01	1.168622e-03	-2.867670e-20	-1.365812e-20	-3.949834e-20	-3.340729e-20	-6.091050e-21
244.75        	1.411379e+00	7.056896e-01	7.056896e-01	-2.185638e-01	-1.074542e-01	-1.111096e-01	1.827736e-03	-2.822606e-20	-1.350076e-20	-3.914241e-20	-3.307196e-20	-6.070446e-21
245           	1.408555e+00	7.042775e-01	7.042775e-01	-1.773207e-01	-8.620583e-02	-9.111489e-02	2.454530e-03	-2.774370e-20	-1.332120e-20	-3.871038e-20	-3.267639e-20	-6.033992e-21
245.25        	1.405457e+00	7.027287e-01	7.027287e-01	-1.329507e-01	-6.343688e-02	-6.951378e-02	3.038450e-03	-2.724070e-20	-1.311819e-20	-3.816021e-20	-3.219829e-20	-5.961919e-21
245.5         	1.402450e+00	7.012250e-01	7.012250e-01	-8.647759e-02	-3.966915e-02	-4.680844e-02	3.569642e-03	-2.672900e-20	-1.289544e-20	-3.752387e-20	-3.165737e-20	-5.866498e-21
245.75        	1.400248e+00	7.001242e-01	7.001242e-01	-3.841054e-02	-1.516610e-02	-2.324443e-02	4.039166e-03	-2.622056e-20	-1.266087e-20	-3.683570e-20	-3.107872e-20	-5.756976e-21
246           	1.397860e+00	6.989299e-01	6.989299e-01	1.035933e-02	9.618672e-03	7.406558e-04	4.439008e-03	-2.571815e-20	-1.241037e-20	-3.601566e-20	-3.041821e-20	-5.597456e-21
246.25        	1.396450e+00	6.982249e-01	6.982249e-01	5.942013e-02	3.447221e-02	2.494791e-02	4.762151e-03	-2.522996e-20	-1.215760e-20	-3.519155e-20	-2.975337e-20	-5.438177e-21
246.5         	1.395434e+00	6.977171e-01	6.977171e-01	1.074173e-01	5.871132e-02	4.870594e-02	5.002692e-03	-2.476839e-20	-1.190459e-20	-3.432549e-20	-2.906734e-20	-5.258150e-21
246.75        	1.395597e+00	6.977985e-01	6.977985e-01	1.531682e-01	8.174006e-02	7.142817e-02	5.155944e-03	-2.434625e-20	-1.166720e-20	-3.347105e-20	-2.840273e-20	-5.068319e-21
247           	1.396118e+00	6.980588e-01	6.980588e-01	1.970022e-01	1.037197e-01	9.328247e-02	5.218619e-03	-2.395407e-20	-1.143889e-20	-3.260314e-20	-2.774046e-20	-4.862676e-21
247.25        	1.397703e+00	6.988517e-01	6.988517e-01	2.365479e-01	1.234630e-01	1.130849e-01	5.189091e-03	-2.361710e-20	-1.123798e-20	-3.178247e-20	-2.712921e-20	-4.653258e-21
247.5         	1.399344e+00	6.996721e-01	6.996721e-01	2.725584e-01	1.413465e-01	1.312119e-01	5.067311e-03	-2.331986e-20	-1.105555e-20	-3.097341e-20	-2.654225e-20	-4.431160e-21
247.75        	1.402528e+00	7.012642e-01	7.012642e-01	3.033391e-01	1.565246e-01	1.468145e-01	4.855029e-03	-2.308357e-20	-1.091181e-20	-3.032982e-20	-2.607672e-20	-4.253104e-21
248           	1.405174e+00	7.025868e-01	7.025868e-01	3.287477e-01	1.689297e-01	1.598180e-01	4.555809e-03	-2.289791e-20	-1.079028e-20	-2.969845e-20	-2.563950e-20	-4.058950e-21
248.25        	1.408139e+00	7.040696e-01	7.040696e-01	3.484907e-01	1.784202e-01	1.700705e-01	4.174871e-03	-2.276642e-20	-1.070109e-20	-2.918801e-20	-2.529510e-20	-3.892912e-21
248.5         	1.411171e+00	7.055856e-01	7.055856e-01	3.615660e-01	1.845022e-01	1.770638e-01	3.719197e-03	-2.269759e-20	-1.064106e-20	-2.880260e-20	-2.504236e-20	-3.760240e-21
248.75        	1.413765e+00	7.068827e-01	7.068827e-01	3.687507e-01	1.875725e-01	1.811781e-01	3.197203e-03	-2.267947e-20	-1.060376e-20	-2.848765e-20	-2.484759e-20	-3.640063e-21
249           	1.415966e+00	7.079831e-01	7.079831e-01	3.689436e-01	1.870904e-01	1.818531e-01	2.618647e-03	-2.272113e-20	-1.059374e-20	-2.831342e-20	-2.475045e-20	-3.562970e-21
249.25        	1.417166e+00	7.085828e-01	7.085828e-01	3.627355e-01	1.833620e-01	1.793735e-01	1.994266e-03	-2.281595e-20	-1.059684e-20	-2.820176e-20	-2.469772e-20	-3.504045e-21
249.5         	1.418046e+00	7.090232e-01	7.090232e-01	3.504190e-01	1.765450e-01	1.738740e-01	1.335521e-03	-2.296110e-20	-1.062265e-20	-2.820865e-20	-2.472697e-20	-3.481681e-21
249.75        	1.418108e+00	7.090542e-01	7.090542e-01	3.320596e-01	1.666842e-01	1.653754e-01	6.544005e-04	-2.315514e-20	-1.066350e-20	-2.829378e-20	-2.481039e-20	-3.483390e-21
250           	1.417328e+00	7.086641e-01	7.086641e-01	3.078417e-01	1.538839e-01	1.539578e-01	-3.692493e-05	-2.339832e-20	-1.072123e-20	-2.846361e-20	-2.495303e-20	-3.510576e-21
250.25        	1.415602e+00	7.078008e-01	7.078008e-01	2.781548e-01	1.383510e-01	1.398038e-01	-7.263760e-04	-2.368848e-20	-1.079110e-20	-2.868994e-20	-2.513607e-20	-3.553874e-21
250.5         	1.413541e+00	7.067704e-01	7.067704e-01	2.436425e-01	1.204192e-01	1.232233e-01	-1.402037e-03	-2.402183e-20	-1.088395e-20	-2.902312e-20	-2.539551e-20	-3.627608e-21
250.75        	1.410624e+00	7.053121e-01	7.053121e-01	2.047896e-01	1.003423e-01	1.044473e-01	-2.052472e-03	-2.439458e-20	-1.099000e-20	-2.940129e-20	-2.569065e-20	-3.710642e-21
251           	1.407915e+00	7.039576e-01	7.039576e-01	1.621854e-01	7.842595e-02	8.375942e-02	-2.666736e-03	-2.480559e-20	-1.112592e-20	-2.991306e-20	-2.608245e-20	-3.830612e-21
251.25        	1.404856e+00	7.024279e-01	7.024279e-01	1.169911e-01	5.526107e-02	6.173004e-02	-3.234487e-03	-2.524533e-20	-1.127829e-20	-3.045635e-20	-2.650647e-20	-3.949883e-21
251.5         	1.401891e+00	7.009456e-01	7.009456e-01	7.019692e-02	3.135230e-02	3.884463e-02	-3.746165e-03	-2.570509e-20	-1.145024e-20	-3.104699e-20	-2.697374e-20	-4.073254e-21
251.75        	1.399541e+00	6.997705e-01	6.997705e-01	2.167168e-02	6.642714e-03	1.502896e-02	-4.193124e-03	-2.618990e-20	-1.165043e-20	-3.173227e-20	-2.751656e-20	-4.215709e-21
252           	1.398281e+00	6.991407e-01	6.991407e-01	-2.756298e-02	-1.834916e-02	-9.213820e-03	-4.567672e-03	-2.669030e-20	-1.187912e-20	-3.251774e-20	-2.813799e-20	-4.379751e-21
252.25        	1.396556e+00	6.982782e-01	6.982782e-01	-7.652625e-02	-4.312630e-02	-3.339995e-02	-4.863176e-03	-2.718982e-20	-1.210684e-20	-3.325136e-20	-2.873252e-20	-4.518840e-21
252.5         	1.395558e+00	6.977790e-01	6.977790e-01	-1.236954e-01	-6.692179e-02	-5.677356e-02	-5.074114e-03	-2.767693e-20	-1.234319e-20	-3.398544e-20	-2.933591e-20	-4.649528e-21
252.75        	1.396168e+00	6.980841e-01	6.980841e-01	-1.695477e-01	-8.997010e-02	-7.957762e-02	-5.196240e-03	-2.815896e-20	-1.259690e-20	-3.480974e-20	-3.000177e-20	-4.807971e-21
253           	1.396965e+00	6.984826e-01	6.984826e-01	-2.113408e-01	-1.108973e-01	-1.004435e-01	-5.226909e-03	-2.859800e-20	-1.283643e-20	-3.556085e-20	-3.061686e-20	-4.943994e-21
253.25        	1.398422e+00	6.992112e-01	6.992112e-01	-2.504947e-01	-1.304123e-01	-1.200824e-01	-5.164944e-03	-2.901238e-20	-1.306706e-20	-3.628842e-20	-3.121127e-20	-5.077153e-21
253.5         	1.401230e+00	7.006152e-01	7.006152e-01	-2.843377e-01	-1.471798e-01	-1.371579e-01	-5.010988e-03	-2.937189e-20	-1.328887e-20	-3.701432e-20	-3.179603e-20	-5.218293e-21
253.75        	1.403724e+00	7.018619e-01	7.018619e-01	-3.135373e-01	-1.615360e-01	-1.520012e-01	-4.767414e-03	-2.967825e-20	-1.348101e-20	-3.764447e-20	-3.230324e-20	-5.341228e-21
254           	1.406663e+00	7.033315e-01	7.033315e-01	-3.370522e-01	-1.729645e-01	-1.640877e-01	-4.438372e-03	-2.991960e-20	-1.364899e-20	-3.822675e-20	-3.276237e-20	-5.464383e-21
254.25        	1.410211e+00	7.051057e-01	7.051057e-01	-3.544869e-01	-1.812732e-01	-1.732137e-01	-4.029755e-03	-3.009424e-20	-1.379121e-20	-3.877185e-20	-3.317714e-20	-5.594710e-21
254.5         	1.412221e+00	7.061103e-01	7.061103e-01	-3.653619e-01	-1.862300e-01	-1.791319e-01	-3.549077e-03	-3.018618e-20	-1.388543e-20	-3.912326e-20	-3.344707e-20	-5.676197e-21
254.75        	1.414799e+00	7.073995e-01	7.073995e-01	-3.700284e-01	-1.880195e-01	-1.820090e-01	-3.005255e-03	-3.020825e-20	-1.395696e-20	-3.948881e-20	-3.370137e-20	-5.787440e-21
255           	1.416607e+00	7.083035e-01	7.083035e-01	-3.680286e-01	-1.864227e-01	-1.816058e-01	-2.408445e-03	-3.015058e-20	-1.399306e-20	-3.974681e-20	-3.386647e-20	-5.880339e-21
255.25        	1.418006e+00	7.090029e-01	7.090029e-01	-3.598343e-01	-1.816869e-01	-1.781474e-01	-1.769728e-03	-3.002077e-20	-1.399938e-20	-3.993174e-20	-3.396525e-20	-5.966490e-21
255.5         	1.418376e+00	7.091880e-01	7.091880e-01	-3.450413e-01	-1.736215e-01	-1.714199e-01	-1.100789e-03	-2.981236e-20	-1.397118e-20	-3.999721e-20	-3.396979e-20	-6.027426e-21
255.75        	1.418066e+00	7.090329e-01	7.090329e-01	-3.244706e-01	-1.626490e-01	-1.618215e-01	-4.137307e-04	-2.953807e-20	-1.391201e-20	-3.998103e-20	-3.390252e-20	-6.078508e-21
256           	1.416917e+00	7.084587e-01	7.084587e-01	-2.983110e-01	-1.488762e-01	-1.494348e-01	2.792796e-04	-2.920189e-20	-1.382289e-20	-3.986348e-20	-3.375463e-20	-6.108852e-21
256.25        	1.415125e+00	7.075623e-01	7.075623e-01	-2.668610e-01	-1.324643e-01	-1.343967e-01	9.661699e-04	-2.881019e-20	-1.370422e-20	-3.964139e-20	-3.352491e-20	-6.116479e-21
256.5         	1.412990e+00	7.064950e-01	7.064950e-01	-2.309895e-01	-1.138596e-01	-1.171299e-01	1.635156e-03	-2.837623e-20	-1.356110e-20	-3.935182e-20	-3.323701e-20	-6.114811e-21
256.75        	1.410053e+00	7.050264e-01	7.050264e-01	-1.904927e-01	-9.297142e-02	-9.752130e-02	2.274941e-03	-2.789862e-20	-1.338455e-20	-3.892799e-20	-3.284855e-20	-6.079445e-21
257           	1.406968e+00	7.034841e-01	7.034841e-01	-1.466526e-01	-7.045150e-02	-7.620107e-02	2.874781e-03	-2.739638e-20	-1.318616e-20	-3.840788e-20	-3.239010e-20	-6.017779e-21
257.25        	1.404121e+00	7.020606e-01	7.020606e-01	-1.009572e-01	-4.705404e-02	-5.390320e-02	3.424576e-03	-2.689089e-20	-1.297031e-20	-3.779292e-20	-3.186677e-20	-5.926147e-21
257.5         	1.400991e+00	7.004955e-01	7.004955e-01	-5.285235e-02	-2.251114e-02	-3.034121e-02	3.915036e-03	-2.637192e-20	-1.273411e-20	-3.708769e-20	-3.127796e-20	-5.809732e-21
257.75        	1.399147e+00	6.995733e-01	6.995733e-01	-4.004985e-03	2.335376e-03	-6.340361e-03	4.337869e-03	-2.586783e-20	-1.249005e-20	-3.633215e-20	-3.065613e-20	-5.676024e-21
258           	1.397461e+00	6.987307e-01	6.987307e-01	4.510376e-02	2.723761e-02	1.786615e-02	4.685727e-03	-2.537360e-20	-1.223664e-20	-3.550986e-20	-2.999157e-20	-5.518292e-21
258.25        	1.396113e+00	6.980564e-01	6.980564e-01	9.338514e-02	5.164493e-02	4.174021e-02	4.952362e-03	-2.490472e-20	-1.198194e-20	-3.462952e-20	-2.929670e-20	-5.332823e-21
258.5         	1.396150e+00	6.980751e-01	6.980751e-01	1.406332e-01	7.544925e-02	6.518399e-02	5.132630e-03	-2.446300e-20	-1.173879e-20	-3.378506e-20	-2.863132e-20	-5.153744e-21
258.75        	1.396462e+00	6.982311e-01	6.982311e-01	1.847016e-01	9.757370e-02	8.712791e-02	5.222894e-03	-2.406643e-20	-1.150668e-20	-3.289182e-20	-2.795259e-20	-4.939224e-21
259           	1.397761e+00	6.988807e-01	6.988807e-01	2.260554e-01	1.182486e-01	1.078067e-01	5.220945e-03	-2.370730e-20	-1.129604e-20	-3.206346e-20	-2.732778e-20	-4.735687e-21
259.25        	1.399646e+00	6.998228e-01	6.998228e-01	2.628349e-01	1.365437e-01	1.262912e-01	5.126295e-03	-2.340280e-20	-1.111067e-20	-3.127369e-20	-2.674751e-20	-4.526173e-21
259.5         	1.402067e+00	7.010334e-01	7.010334e-01	2.957656e-01	1.528230e-01	1.429427e-01	4.940143e-03	-2.314099e-20	-1.095100e-20	-3.055904e-20	-2.623052e-20	-4.328514e-21
259.75        	1.405017e+00	7.025087e-01	7.025087e-01	3.229455e-01	1.661383e-01	1.568072e-01	4.665553e-03	-2.293924e-20	-1.082385e-20	-2.991873e-20	-2.578322e-20	-4.135510e-21
260           	1.408113e+00	7.040567e-01	7.040567e-01	3.442124e-01	1.764135e-01	1.677989e-01	4.307282e-03	-2.279505e-20	-1.072859e-20	-2.938782e-20	-2.542250e-20	-3.965321e-21
260.25        	1.411005e+00	7.055023e-01	7.055023e-01	3.593539e-01	1.835488e-01	1.758051e-01	3.871824e-03	-2.270681e-20	-1.065815e-20	-2.894822e-20	-2.513226e-20	-3.815956e-21
260.5         	1.413372e+00	7.066861e-01	7.066861e-01	3.681967e-01	1.874656e-01	1.807311e-01	3.367227e-03	-2.267266e-20	-1.061291e-20	-2.858534e-20	-2.490558e-20	-3.679759e-21
260.75        	1.415422e+00	7.077112e-01	7.077112e-01	3.702712e-01	1.879385e-01	1.823327e-01	2.802913e-03	-2.269859e-20	-1.059020e-20	-2.834567e-20	-2.476304e-20	-3.582630e-21
261           	1.417543e+00	7.087716e-01	7.087716e-01	3.662731e-01	1.853259e-01	1.809472e-01	2.189379e-03	-2.277644e-20	-1.059705e-20	-2.826028e-20	-2.472719e-20	-3.533091e-21
261.25        	1.418467e+00	7.092336e-01	7.092336e-01	3.559243e-01	1.795001e-01	1.764242e-01	1.537969e-03	-2.290404e-20	-1.061536e-20	-2.824106e-20	-2.473589e-20	-3.505171e-21
261.5         	1.418410e+00	7.092052e-01	7.092052e-01	3.389394e-01	1.703303e-01	1.686091e-01	8.605819e-04	-2.308704e-20	-1.064789e-20	-2.825635e-20	-2.477606e-20	-3.480288e-21
261.75        	1.418157e+00	7.090785e-01	7.090785e-01	3.159987e-01	1.581687e-01	1.578299e-01	1.693838e-04	-2.332156e-20	-1.070614e-20	-2.843521e-20	-2.492374e-20	-3.511463e-21
262           	1.416814e+00	7.084072e-01	7.084072e-01	2.878708e-01	1.434119e-01	1.444589e-01	-5.234698e-04	-2.359807e-20	-1.077380e-20	-2.865829e-20	-2.510295e-20	-3.555341e-21
262.25        	1.414922e+00	7.074612e-01	7.074612e-01	2.550719e-01	1.263300e-01	1.287419e-01	-1.205966e-03	-2.391577e-20	-1.086057e-20	-2.895735e-20	-2.533924e-20	-3.618105e-21
262.5         	1.411904e+00	7.059520e-01	7.059520e-01	2.171231e-01	1.066951e-01	1.104280e-01	-1.866449e-03	-2.427851e-20	-1.096016e-20	-2.929836e-20	-2.560934e-20	-3.689023e-21
262.75        	1.409181e+00	7.045905e-01	7.045905e-01	1.756329e-01	8.532260e-02	9.031028e-02	-2.493841e-03	-2.467881e-20	-1.108692e-20	-2.977547e-20	-2.597465e-20	-3.800820e-21
263           	1.406094e+00	7.030469e-01	7.030469e-01	1.310509e-01	6.244789e-02	6.860303e-02	-3.077571e-03	-2.511090e-20	-1.123213e-20	-3.030399e-20	-2.638412e-20	-3.919870e-21
263.25        	1.403255e+00	7.016275e-01	7.016275e-01	8.425930e-02	3.852185e-02	4.573745e-02	-3.607796e-03	-2.556970e-20	-1.140299e-20	-3.090783e-20	-2.685691e-20	-4.050920e-21
263.5         	1.400794e+00	7.003971e-01	7.003971e-01	3.553602e-02	1.369243e-02	2.184359e-02	-4.075582e-03	-2.605476e-20	-1.159829e-20	-3.159120e-20	-2.739389e-20	-4.197312e-21
263.75        	1.398225e+00	6.991127e-01	6.991127e-01	-1.333854e-02	-1.114224e-02	-2.196297e-03	-4.472972e-03	-2.654526e-20	-1.180447e-20	-3.224979e-20	-2.792936e-20	-4.320429e-21
264           	1.396948e+00	6.984741e-01	6.984741e-01	-6.247520e-02	-3.603056e-02	-2.644464e-02	-4.792958e-03	-2.704726e-20	-1.203791e-20	-3.302080e-20	-2.854831e-20	-4.472491e-21
264.25        	1.396036e+00	6.980182e-01	6.980182e-01	-1.104519e-01	-6.025561e-02	-5.019624e-02	-5.029686e-03	-2.754209e-20	-1.227829e-20	-3.380180e-20	-2.917919e-20	-4.622608e-21
264.5         	1.396214e+00	6.981069e-01	6.981069e-01	-1.563903e-01	-8.337368e-02	-7.301663e-02	-5.178527e-03	-2.802186e-20	-1.252674e-20	-3.460750e-20	-2.983049e-20	-4.777013e-21
264.75        	1.396891e+00	6.984454e-01	6.984454e-01	-1.999844e-01	-1.052285e-01	-9.475590e-02	-5.236292e-03	-2.848097e-20	-1.277211e-20	-3.537981e-20	-3.046201e-20	-4.917802e-21
265           	1.398462e+00	6.992308e-01	6.992308e-01	-2.396623e-01	-1.250326e-01	-1.146297e-01	-5.201429e-03	-2.890055e-20	-1.300937e-20	-3.612577e-20	-3.107225e-20	-5.053515e-21
265.25        	1.400270e+00	7.001351e-01	7.001351e-01	-2.755661e-01	-1.428570e-01	-1.327090e-01	-5.074000e-03	-2.928031e-20	-1.322769e-20	-3.680455e-20	-3.162996e-20	-5.174586e-21
265.5         	1.403207e+00	7.016033e-01	7.016033e-01	-3.059135e-01	-1.578126e-01	-1.481008e-01	-4.855893e-03	-2.960056e-20	-1.343312e-20	-3.749870e-20	-3.218248e-20	-5.316229e-21
265.75        	1.405946e+00	7.029728e-01	7.029728e-01	-3.313178e-01	-1.702097e-01	-1.611081e-01	-4.550766e-03	-2.986420e-20	-1.360663e-20	-3.807269e-20	-3.264297e-20	-5.429714e-21
266           	1.409243e+00	7.046213e-01	7.046213e-01	-3.504661e-01	-1.793970e-01	-1.710690e-01	-4.164007e-03	-3.005649e-20	-1.375469e-20	-3.861881e-20	-3.306409e-20	-5.554713e-21
266.25        	1.411993e+00	7.059967e-01	7.059967e-01	-3.632758e-01	-1.853406e-01	-1.779352e-01	-3.702706e-03	-3.017358e-20	-1.386564e-20	-3.906174e-20	-3.339651e-20	-5.665233e-21
266.5         	1.414432e+00	7.072159e-01	7.072159e-01	-3.698544e-01	-1.881026e-01	-1.817518e-01	-3.175413e-03	-3.021751e-20	-1.394476e-20	-3.940786e-20	-3.364869e-20	-5.759175e-21
266.75        	1.416867e+00	7.084336e-01	7.084336e-01	-3.700182e-01	-1.876011e-01	-1.824171e-01	-2.591975e-03	-3.018691e-20	-1.399621e-20	-3.973437e-20	-3.386340e-20	-5.870976e-21
267           	1.418078e+00	7.090390e-01	7.090390e-01	-3.633409e-01	-1.836337e-01	-1.797072e-01	-1.963270e-03	-3.007318e-20	-1.400745e-20	-3.993267e-20	-3.397378e-20	-5.958889e-21
267.25        	1.418757e+00	7.093786e-01	7.093786e-01	-3.503805e-01	-1.764911e-01	-1.738894e-01	-1.300829e-03	-2.988670e-20	-1.398805e-20	-4.003245e-20	-3.400428e-20	-6.028178e-21
267.5         	1.418520e+00	7.092598e-01	7.092598e-01	-3.317097e-01	-1.664716e-01	-1.652382e-01	-6.167110e-04	-2.963297e-20	-1.393640e-20	-4.002275e-20	-3.394778e-20	-6.074975e-21
267.75        	1.417815e+00	7.089073e-01	7.089073e-01	-3.068448e-01	-1.533455e-01	-1.534993e-01	7.687362e-05	-2.931178e-20	-1.385714e-20	-3.994535e-20	-3.382982e-20	-6.115537e-21
268           	1.416067e+00	7.080336e-01	7.080336e-01	-2.767851e-01	-1.376247e-01	-1.391604e-01	7.678157e-04	-2.893371e-20	-1.374530e-20	-3.975099e-20	-3.362079e-20	-6.130199e-21
268.25        	1.413962e+00	7.069812e-01	7.069812e-01	-2.420568e-01	-1.195842e-01	-1.224726e-01	1.444188e-03	-2.850992e-20	-1.360816e-20	-3.947130e-20	-3.334381e-20	-6.127493e-21
268.5         	1.411186e+00	7.055928e-01	7.055928e-01	-2.027232e-01	-9.926706e-02	-1.034561e-01	2.094533e-03	-2.804263e-20	-1.344116e-20	-3.907595e-20	-3.297913e-20	-6.096817e-21
268.75        	1.408214e+00	7.041070e-01	7.041070e-01	-1.596676e-01	-7.712586e-02	-8.254171e-02	2.707925e-03	-2.754482e-20	-1.324883e-20	-3.860165e-20	-3.254965e-20	-6.051994e-21
269           	1.405374e+00	7.026871e-01	7.026871e-01	-1.144545e-01	-5.395319e-02	-6.050127e-02	3.274038e-03	-2.703948e-20	-1.303822e-20	-3.802139e-20	-3.204891e-20	-5.972477e-21
269.25        	1.402000e+00	7.010001e-01	7.010001e-01	-6.702606e-02	-2.972971e-02	-3.729635e-02	3.783317e-03	-2.652350e-20	-1.280471e-20	-3.730408e-20	-3.145675e-20	-5.847328e-21
269.5         	1.399810e+00	6.999049e-01	6.999049e-01	-1.853794e-02	-5.041784e-03	-1.349616e-02	4.227187e-03	-2.601706e-20	-1.256299e-20	-3.656444e-20	-3.084521e-20	-5.719235e-21
269.75        	1.398383e+00	6.991913e-01	6.991913e-01	3.077799e-02	1.998697e-02	1.079102e-02	4.597976e-03	-2.551854e-20	-1.231421e-20	-3.579125e-20	-3.020983e-20	-5.581414e-21
270           	1.396859e+00	6.984293e-01	6.984293e-01	7.966049e-02	4.471936e-02	3.494112e-02	4.889120e-03	-2.503801e-20	-1.205776e-20	-3.491654e-20	-2.951603e-20	-5.400509e-21
270.25        	1.396120e+00	6.980598e-01	6.980598e-01	1.270926e-01	6.864146e-02	5.845117e-02	5.095146e-03	-2.458908e-20	-1.180853e-20	-3.402879e-20	-2.882293e-20	-5.205865e-21
270.5         	1.396615e+00	6.983077e-01	6.983077e-01	1.729915e-01	9.170765e-02	8.128384e-02	5.211905e-03	-2.417024e-20	-1.157179e-20	-3.316892e-20	-2.815625e-20	-5.012677e-21
270.75        	1.397510e+00	6.987552e-01	6.987552e-01	2.146034e-01	1.125385e-01	1.020648e-01	5.236846e-03	-2.380640e-20	-1.135526e-20	-3.230840e-20	-2.750946e-20	-4.798941e-21
271           	1.399124e+00	6.995622e-01	6.995622e-01	2.534199e-01	1.318788e-01	1.215410e-01	5.168884e-03	-2.347872e-20	-1.116037e-20	-3.149796e-20	-2.690935e-20	-4.588607e-21
271.25        	1.401823e+00	7.009116e-01	7.009116e-01	2.870861e-01	1.485518e-01	1.385343e-01	5.008788e-03	-2.321034e-20	-1.099831e-20	-3.078165e-20	-2.638913e-20	-4.392515e-21
271.5         	1.404307e+00	7.021534e-01	7.021534e-01	3.160163e-01	1.627672e-01	1.532491e-01	4.759067e-03	-2.299003e-20	-1.085831e-20	-3.010229e-20	-2.590945e-20	-4.192838e-21
271.75        	1.407263e+00	7.036315e-01	7.036315e-01	3.388356e-01	1.738418e-01	1.649938e-01	4.424004e-03	-2.283027e-20	-1.075144e-20	-2.952858e-20	-2.551573e-20	-4.012852e-21
272           	1.410452e+00	7.052260e-01	7.052260e-01	3.561384e-01	1.820788e-01	1.740596e-01	4.009605e-03	-2.272252e-20	-1.067743e-20	-2.908650e-20	-2.522068e-20	-3.865822e-21
272.25        	1.413002e+00	7.065011e-01	7.065011e-01	3.665187e-01	1.867829e-01	1.797358e-01	3.523530e-03	-2.267684e-20	-1.062453e-20	-2.869505e-20	-2.497205e-20	-3.723001e-21
272.5         	1.415462e+00	7.077309e-01	7.077309e-01	3.708656e-01	1.884076e-01	1.824580e-01	2.974803e-03	-2.268298e-20	-1.059887e-20	-2.844900e-20	-2.482337e-20	-3.625628e-21
272.75        	1.417091e+00	7.085457e-01	7.085457e-01	3.683244e-01	1.865359e-01	1.817885e-01	2.373694e-03	-2.274736e-20	-1.059238e-20	-2.827898e-20	-2.473187e-20	-3.547107e-21
273           	1.418407e+00	7.092036e-01	7.092036e-01	3.595882e-01	1.815254e-01	1.780627e-01	1.731341e-03	-2.286370e-20	-1.060901e-20	-2.823051e-20	-2.472427e-20	-3.506239e-21
273.25        	1.418755e+00	7.093776e-01	7.093776e-01	3.446200e-01	1.733695e-01	1.712505e-01	1.059496e-03	-2.302932e-20	-1.063851e-20	-2.825526e-20	-2.476614e-20	-3.489119e-21
273.5         	1.418519e+00	7.092597e-01	7.092597e-01	3.235094e-01	1.621250e-01	1.613844e-01	3.703232e-04	-2.324722e-20	-1.068819e-20	-2.838276e-20	-2.487957e-20	-3.503191e-21
273.75        	1.417115e+00	7.085574e-01	7.085574e-01	2.970917e-01	1.482219e-01	1.488698e-01	-3.239939e-04	-2.350732e-20	-1.074822e-20	-2.856134e-20	-2.502889e-20	-3.532452e-21
274           	1.415255e+00	7.076276e-01	7.076276e-01	2.651094e-01	1.315434e-01	1.335661e-01	-1.011351e-03	-2.381793e-20	-1.082833e-20	-2.883697e-20	-2.524681e-20	-3.590159e-21
274.25        	1.413334e+00	7.066669e-01	7.066669e-01	2.285659e-01	1.126029e-01	1.159629e-01	-1.679982e-03	-2.417174e-20	-1.093474e-20	-2.923876e-20	-2.555412e-20	-3.684646e-21
274.5         	1.410234e+00	7.051170e-01	7.051170e-01	1.879168e-01	9.163978e-02	9.627702e-02	-2.318616e-03	-2.456164e-20	-1.105045e-20	-2.965864e-20	-2.587977e-20	-3.778867e-21
274.75        	1.407298e+00	7.036490e-01	7.036490e-01	1.439732e-01	6.907009e-02	7.490310e-02	-2.916503e-03	-2.498717e-20	-1.119267e-20	-3.017263e-20	-2.627899e-20	-3.893641e-21
275           	1.404310e+00	7.021552e-01	7.021552e-01	9.797151e-02	4.552216e-02	5.244935e-02	-3.463595e-03	-2.543630e-20	-1.135545e-20	-3.074536e-20	-2.672813e-20	-4.017233e-21
275.25        	1.401309e+00	7.006545e-01	7.006545e-01	5.002284e-02	2.106077e-02	2.896207e-02	-3.950652e-03	-2.590973e-20	-1.153533e-20	-3.136603e-20	-2.721835e-20	-4.147681e-21
275.5         	1.399044e+00	6.995221e-01	6.995221e-01	7.903401e-04	-3.974245e-03	4.764585e-03	-4.369415e-03	-2.640477e-20	-1.174455e-20	-3.207340e-20	-2.778125e-20	-4.292144e-21
275.75        	1.397527e+00	6.987635e-01	6.987635e-01	-4.878053e-02	-2.910287e-02	-1.967766e-02	-4.712604e-03	-2.690822e-20	-1.197388e-20	-3.282405e-20	-2.838591e-20	-4.438141e-21
276           	1.396400e+00	6.981998e-01	6.981998e-01	-9.665429e-02	-5.330120e-02	-4.335309e-02	-4.974056e-03	-2.740044e-20	-1.220913e-20	-3.358385e-20	-2.900106e-20	-4.582788e-21
276.25        	1.396467e+00	6.982335e-01	6.982335e-01	-1.437445e-01	-7.702095e-02	-6.672360e-02	-5.148674e-03	-2.789203e-20	-1.246096e-20	-3.441286e-20	-2.966739e-20	-4.745466e-21
276.5         	1.396827e+00	6.984133e-01	6.984133e-01	-1.878140e-01	-9.913995e-02	-8.867409e-02	-5.232932e-03	-2.835457e-20	-1.270542e-20	-3.516179e-20	-3.028631e-20	-4.875475e-21
276.75        	1.398155e+00	6.990776e-01	6.990776e-01	-2.293200e-01	-1.198847e-01	-1.094353e-01	-5.224722e-03	-2.879334e-20	-1.294657e-20	-3.592990e-20	-3.091152e-20	-5.018377e-21
277           	1.399990e+00	6.999949e-01	6.999949e-01	-2.657312e-01	-1.379893e-01	-1.277419e-01	-5.123702e-03	-2.917760e-20	-1.317139e-20	-3.664711e-20	-3.149494e-20	-5.152163e-21
277.25        	1.402540e+00	7.012701e-01	7.012701e-01	-2.982269e-01	-1.540446e-01	-1.441823e-01	-4.931173e-03	-2.952146e-20	-1.338034e-20	-3.732975e-20	-3.204521e-20	-5.284540e-21
277.5         	1.405531e+00	7.027654e-01	7.027654e-01	-3.248293e-01	-1.670650e-01	-1.577643e-01	-4.650332e-03	-2.979951e-20	-1.356503e-20	-3.794325e-20	-3.253666e-20	-5.406594e-21
277.75        	1.408436e+00	7.042179e-01	7.042179e-01	-3.458786e-01	-1.772254e-01	-1.686533e-01	-4.286064e-03	-3.001225e-20	-1.371801e-20	-3.849513e-20	-3.296558e-20	-5.529554e-21
278           	1.411418e+00	7.057088e-01	7.057088e-01	-3.607092e-01	-1.841996e-01	-1.765096e-01	-3.844998e-03	-3.015377e-20	-1.384121e-20	-3.897158e-20	-3.332700e-20	-5.644587e-21
278.25        	1.413999e+00	7.069994e-01	7.069994e-01	-3.690052e-01	-1.878379e-01	-1.811673e-01	-3.335302e-03	-3.021779e-20	-1.392785e-20	-3.933485e-20	-3.359527e-20	-5.739582e-21
278.5         	1.415854e+00	7.079272e-01	7.079272e-01	-3.707274e-01	-1.881302e-01	-1.825972e-01	-2.766490e-03	-3.020316e-20	-1.398138e-20	-3.962781e-20	-3.379529e-20	-5.832519e-21
278.75        	1.417870e+00	7.089349e-01	7.089349e-01	-3.662110e-01	-1.852547e-01	-1.809564e-01	-2.149157e-03	-3.011773e-20	-1.400789e-20	-3.987417e-20	-3.394498e-20	-5.929195e-21
279           	1.418741e+00	7.093704e-01	7.093704e-01	-3.550187e-01	-1.790041e-01	-1.760146e-01	-1.494722e-03	-2.995106e-20	-1.399857e-20	-4.001628e-20	-3.400671e-20	-6.009568e-21
279.25        	1.418743e+00	7.093714e-01	7.093714e-01	-3.377686e-01	-1.696994e-01	-1.680692e-01	-8.151129e-04	-2.971377e-20	-1.395697e-20	-4.004684e-20	-3.398039e-20	-6.066453e-21
279.5         	1.418290e+00	7.091449e-01	7.091449e-01	-3.145002e-01	-1.573726e-01	-1.571276e-01	-1.225401e-04	-2.941041e-20	-1.388478e-20	-3.999973e-20	-3.388465e-20	-6.115081e-21
279.75        	1.416880e+00	7.084398e-01	7.084398e-01	-2.860586e-01	-1.424585e-01	-1.436002e-01	5.708459e-04	-2.904956e-20	-1.378381e-20	-3.984042e-20	-3.370402e-20	-6.136399e-21
280           	1.414989e+00	7.074945e-01	7.074945e-01	-2.525006e-01	-1.249973e-01	-1.275033e-01	1.253013e-03	-2.863791e-20	-1.365346e-20	-3.959052e-20	-3.344872e-20	-6.141804e-21
280.25        	1.411996e+00	7.059980e-01	7.059980e-01	-2.146191e-01	-1.053972e-01	-1.092219e-01	1.912358e-03	-2.818249e-20	-1.349088e-20	-3.919341e-20	-3.308759e-20	-6.105825e-21
280.5         	1.409129e+00	7.045643e-01	7.045643e-01	-1.728049e-01	-8.386467e-02	-8.894027e-02	2.537800e-03	-2.769605e-20	-1.330827e-20	-3.873964e-20	-3.267809e-20	-6.061545e-21
280.75        	1.406145e+00	7.030726e-01	7.030726e-01	-1.280890e-01	-6.092570e-02	-6.716331e-02	3.118806e-03	-2.719070e-20	-1.310185e-20	-3.818809e-20	-3.219589e-20	-5.992200e-21
281           	1.403434e+00	7.017170e-01	7.017170e-01	-8.119787e-02	-3.695335e-02	-4.424451e-02	3.645581e-03	-2.667882e-20	-1.287860e-20	-3.754174e-20	-3.164947e-20	-5.892276e-21
281.25        	1.401009e+00	7.005047e-01	7.005047e-01	-3.240361e-02	-1.209256e-02	-2.031105e-02	4.109242e-03	-2.616240e-20	-1.263833e-20	-3.683661e-20	-3.105663e-20	-5.779976e-21
281.5         	1.398219e+00	6.991094e-01	6.991094e-01	1.681690e-02	1.291033e-02	3.906561e-03	4.501887e-03	-2.565583e-20	-1.238111e-20	-3.597628e-20	-3.036925e-20	-5.607028e-21
281.75        	1.397138e+00	6.985692e-01	6.985692e-01	6.585933e-02	3.774626e-02	2.811307e-02	4.816596e-03	-2.517226e-20	-1.212935e-20	-3.514745e-20	-2.970307e-20	-5.444379e-21
282           	1.396319e+00	6.981595e-01	6.981595e-01	1.136804e-01	6.188778e-02	5.179263e-02	5.047575e-03	-2.471479e-20	-1.187840e-20	-3.428935e-20	-2.902307e-20	-5.266279e-21
282.25        	1.396465e+00	6.982324e-01	6.982324e-01	1.597184e-01	8.504950e-02	7.466892e-02	5.190288e-03	-2.429090e-20	-1.163924e-20	-3.341558e-20	-2.834703e-20	-5.068553e-21
282.5         	1.397198e+00	6.985992e-01	6.985992e-01	2.032290e-01	1.068562e-01	9.637285e-02	5.241655e-03	-2.390477e-20	-1.141446e-20	-3.256080e-20	-2.769485e-20	-4.865942e-21
282.75        	1.398781e+00	6.993903e-01	6.993903e-01	2.425280e-01	1.264642e-01	1.160637e-01	5.200243e-03	-2.357092e-20	-1.121498e-20	-3.173074e-20	-2.708035e-20	-4.650392e-21
283           	1.400913e+00	7.004566e-01	7.004566e-01	2.781625e-01	1.441475e-01	1.340151e-01	5.066217e-03	-2.328008e-20	-1.103814e-20	-3.095958e-20	-2.651793e-20	-4.441651e-21
283.25        	1.403477e+00	7.017385e-01	7.017385e-01	3.079223e-01	1.588028e-01	1.491195e-01	4.841633e-03	-2.305207e-20	-1.089361e-20	-3.027744e-20	-2.603233e-20	-4.245109e-21
283.5         	1.406453e+00	7.032267e-01	7.032267e-01	3.332251e-01	1.711428e-01	1.620823e-01	4.530242e-03	-2.286791e-20	-1.077921e-20	-2.967515e-20	-2.561679e-20	-4.058360e-21
283.75        	1.409326e+00	7.046628e-01	7.046628e-01	3.519302e-01	1.801027e-01	1.718275e-01	4.137596e-03	-2.274624e-20	-1.069214e-20	-2.917377e-20	-2.527903e-20	-3.894741e-21
284           	1.412284e+00	7.061420e-01	7.061420e-01	3.643259e-01	1.858338e-01	1.784920e-01	3.670893e-03	-2.268330e-20	-1.063599e-20	-2.878922e-20	-2.503060e-20	-3.758620e-21
284.25        	1.414775e+00	7.073876e-01	7.073876e-01	3.702345e-01	1.882561e-01	1.819784e-01	3.138805e-03	-2.267661e-20	-1.060280e-20	-2.850265e-20	-2.485412e-20	-3.648527e-21
284.5         	1.417263e+00	7.086315e-01	7.086315e-01	3.703477e-01	1.877251e-01	1.826226e-01	2.551250e-03	-2.271911e-20	-1.059656e-20	-2.836579e-20	-2.477945e-20	-3.586335e-21
284.75        	1.418292e+00	7.091462e-01	7.091462e-01	3.629878e-01	1.834131e-01	1.795747e-01	1.919217e-03	-2.282314e-20	-1.060218e-20	-2.825248e-20	-2.472842e-20	-3.524062e-21
285           	1.418991e+00	7.094954e-01	7.094954e-01	3.495166e-01	1.760126e-01	1.735040e-01	1.254261e-03	-2.297867e-20	-1.063146e-20	-2.826614e-20	-2.476453e-20	-3.501610e-21
285.25        	1.418760e+00	7.093801e-01	7.093801e-01	3.300992e-01	1.656181e-01	1.644811e-01	5.684875e-04	-2.318122e-20	-1.067366e-20	-2.835071e-20	-2.484902e-20	-3.501693e-21
285.5         	1.417855e+00	7.089275e-01	7.089275e-01	3.051217e-01	1.524350e-01	1.526868e-01	-1.258980e-04	-2.343047e-20	-1.073289e-20	-2.852408e-20	-2.499493e-20	-3.529156e-21
285.75        	1.416114e+00	7.080570e-01	7.080570e-01	2.746309e-01	1.364987e-01	1.381322e-01	-8.167498e-04	-2.372758e-20	-1.080775e-20	-2.877150e-20	-2.519350e-20	-3.578006e-21
286           	1.413802e+00	7.069010e-01	7.069010e-01	2.396476e-01	1.183316e-01	1.213160e-01	-1.492176e-03	-2.406434e-20	-1.090000e-20	-2.909565e-20	-2.544783e-20	-3.647821e-21
286.25        	1.411298e+00	7.056491e-01	7.056491e-01	1.998171e-01	9.776783e-02	1.020493e-01	-2.140743e-03	-2.444905e-20	-1.101654e-20	-2.954010e-20	-2.578659e-20	-3.753508e-21
286.5         	1.408115e+00	7.040574e-01	7.040574e-01	1.568120e-01	7.565444e-02	8.115756e-02	-2.751559e-03	-2.486272e-20	-1.114895e-20	-3.001568e-20	-2.615679e-20	-3.858890e-21
286.75        	1.405347e+00	7.026737e-01	7.026737e-01	1.113636e-01	5.236746e-02	5.899613e-02	-3.314335e-03	-2.530577e-20	-1.130818e-20	-3.058994e-20	-2.660315e-20	-3.986792e-21
287           	1.401859e+00	7.009297e-01	7.009297e-01	6.353775e-02	2.794931e-02	3.558844e-02	-3.819563e-03	-2.577489e-20	-1.147824e-20	-3.116483e-20	-2.706066e-20	-4.104172e-21
287.25        	1.399775e+00	6.998876e-01	6.998876e-01	1.457556e-02	3.029025e-03	1.154654e-02	-4.258756e-03	-2.626606e-20	-1.168637e-20	-3.188131e-20	-2.762702e-20	-4.254287e-21
287.5         	1.398237e+00	6.991184e-01	6.991184e-01	-3.458622e-02	-2.191741e-02	-1.266880e-02	-4.624304e-03	-2.676520e-20	-1.191159e-20	-3.263624e-20	-2.822971e-20	-4.406535e-21
287.75        	1.396875e+00	6.984377e-01	6.984377e-01	-8.346430e-02	-4.664186e-02	-3.682244e-02	-4.909709e-03	-2.726516e-20	-1.214533e-20	-3.339644e-20	-2.884355e-20	-4.552887e-21
288           	1.396351e+00	6.981757e-01	6.981757e-01	-1.306821e-01	-7.045065e-02	-6.023148e-02	-5.109583e-03	-2.775514e-20	-1.238945e-20	-3.417521e-20	-2.947705e-20	-4.698156e-21
288.25        	1.396769e+00	6.983846e-01	6.983846e-01	-1.758950e-01	-9.316740e-02	-8.272762e-02	-5.219891e-03	-2.822965e-20	-1.263941e-20	-3.497133e-20	-3.012508e-20	-4.846257e-21
288.5         	1.397750e+00	6.988752e-01	6.988752e-01	-2.177145e-01	-1.140954e-01	-1.036191e-01	-5.238164e-03	-2.867039e-20	-1.287950e-20	-3.572235e-20	-3.074067e-20	-4.981677e-21
288.75        	1.399758e+00	6.998790e-01	6.998790e-01	-2.558893e-01	-1.331081e-01	-1.227812e-01	-5.163482e-03	-2.907601e-20	-1.311343e-20	-3.647316e-20	-3.135001e-20	-5.123156e-21
289           	1.401978e+00	7.009889e-01	7.009889e-01	-2.894169e-01	-1.497052e-01	-1.397117e-01	-4.996717e-03	-2.942959e-20	-1.332498e-20	-3.715259e-20	-3.190127e-20	-5.251319e-21
289.25        	1.404523e+00	7.022615e-01	7.022615e-01	-3.181362e-01	-1.638086e-01	-1.543276e-01	-4.740507e-03	-2.973068e-20	-1.351347e-20	-3.776947e-20	-3.239820e-20	-5.371270e-21
289.5         	1.407584e+00	7.037919e-01	7.037919e-01	-3.405788e-01	-1.746887e-01	-1.658901e-01	-4.399287e-03	-2.995950e-20	-1.367793e-20	-3.834465e-20	-3.285025e-20	-5.494395e-21
289.75        	1.410738e+00	7.053690e-01	7.053690e-01	-3.572654e-01	-1.826119e-01	-1.746535e-01	-3.979182e-03	-3.012311e-20	-1.381036e-20	-3.885076e-20	-3.323574e-20	-5.615020e-21
290           	1.413504e+00	7.067518e-01	7.067518e-01	-3.673753e-01	-1.871756e-01	-1.801997e-01	-3.487957e-03	-3.020884e-20	-1.391002e-20	-3.926654e-20	-3.354329e-20	-5.723248e-21
290.25        	1.415786e+00	7.078932e-01	7.078932e-01	-3.711727e-01	-1.885211e-01	-1.826516e-01	-2.934753e-03	-3.022026e-20	-1.397446e-20	-3.958614e-20	-3.376753e-20	-5.818611e-21
290.5         	1.417546e+00	7.087728e-01	7.087728e-01	-3.680299e-01	-1.863449e-01	-1.816850e-01	-2.329925e-03	-3.014893e-20	-1.400564e-20	-3.984478e-20	-3.392803e-20	-5.916750e-21
290.75        	1.418469e+00	7.092344e-01	7.092344e-01	-3.587319e-01	-1.810506e-01	-1.776813e-01	-1.684667e-03	-3.000434e-20	-1.400341e-20	-3.998554e-20	-3.399618e-20	-5.989362e-21
291           	1.419014e+00	7.095070e-01	7.095070e-01	-3.434828e-01	-1.727522e-01	-1.707306e-01	-1.010778e-03	-2.979170e-20	-1.397376e-20	-4.006331e-20	-3.400542e-20	-6.057890e-21
291.25        	1.418537e+00	7.092687e-01	7.092687e-01	-3.219503e-01	-1.612956e-01	-1.606547e-01	-3.204515e-04	-2.950596e-20	-1.390993e-20	-4.002415e-20	-3.392201e-20	-6.102142e-21
291.5         	1.417136e+00	7.085681e-01	7.085681e-01	-2.950864e-01	-1.471691e-01	-1.479173e-01	3.741300e-04	-2.916176e-20	-1.381505e-20	-3.987889e-20	-3.375450e-20	-6.124394e-21
291.75        	1.415062e+00	7.075309e-01	7.075309e-01	-2.627027e-01	-1.302905e-01	-1.324122e-01	1.060873e-03	-2.875962e-20	-1.368902e-20	-3.962966e-20	-3.350385e-20	-6.125814e-21
292           	1.413198e+00	7.065992e-01	7.065992e-01	-2.258596e-01	-1.112018e-01	-1.146578e-01	1.728038e-03	-2.831705e-20	-1.354303e-20	-3.933972e-20	-3.321289e-20	-6.126824e-21
292.25        	1.410203e+00	7.051016e-01	7.051016e-01	-1.849484e-01	-9.010982e-02	-9.483858e-02	2.364380e-03	-2.783613e-20	-1.336429e-20	-3.890520e-20	-3.281690e-20	-6.088306e-21
292.5         	1.407294e+00	7.036468e-01	7.036468e-01	-1.411811e-01	-6.763135e-02	-7.354977e-02	2.959209e-03	-2.733929e-20	-1.316677e-20	-3.837138e-20	-3.235246e-20	-6.018925e-21
292.75        	1.404088e+00	7.020441e-01	7.020441e-01	-9.448535e-02	-4.374019e-02	-5.074516e-02	3.502487e-03	-2.682135e-20	-1.294205e-20	-3.773692e-20	-3.181051e-20	-5.926404e-21
293           	1.401203e+00	7.006017e-01	7.006017e-01	-4.649897e-02	-1.926441e-02	-2.723456e-02	3.985079e-03	-2.630866e-20	-1.270477e-20	-3.700654e-20	-3.120804e-20	-5.798497e-21
293.25        	1.399020e+00	6.995098e-01	6.995098e-01	3.022292e-03	5.909904e-03	-2.887613e-03	4.398758e-03	-2.579585e-20	-1.245537e-20	-3.623708e-20	-3.057391e-20	-5.663171e-21
293.5         	1.397603e+00	6.988017e-01	6.988017e-01	5.190677e-02	3.068973e-02	2.121704e-02	4.736348e-03	-2.530918e-20	-1.220405e-20	-3.541430e-20	-2.991119e-20	-5.503103e-21
293.75        	1.396474e+00	6.982371e-01	6.982371e-01	1.004456e-01	5.521451e-02	4.523107e-02	4.991718e-03	-2.483943e-20	-1.194977e-20	-3.454056e-20	-2.922004e-20	-5.320512e-21
294           	1.396451e+00	6.982257e-01	6.982257e-01	1.474203e-01	7.887007e-02	6.855025e-02	5.159913e-03	-2.440269e-20	-1.170580e-20	-3.367960e-20	-2.854560e-20	-5.134003e-21
294.25        	1.397013e+00	6.985063e-01	6.985063e-01	1.911050e-01	1.007900e-01	9.031500e-02	5.237505e-03	-2.401213e-20	-1.147752e-20	-3.279611e-20	-2.787557e-20	-4.920537e-21
294.5         	1.398393e+00	6.991964e-01	6.991964e-01	2.322498e-01	1.213474e-01	1.109024e-01	5.222497e-03	-2.365667e-20	-1.126904e-20	-3.196605e-20	-2.725207e-20	-4.713985e-21
294.75        	1.400138e+00	7.000692e-01	7.000692e-01	2.684082e-01	1.393188e-01	1.290894e-01	5.114665e-03	-2.335794e-20	-1.108514e-20	-3.117010e-20	-2.667019e-20	-4.499910e-21
295           	1.402999e+00	7.014993e-01	7.014993e-01	3.005427e-01	1.551868e-01	1.453559e-01	4.915447e-03	-2.310623e-20	-1.093293e-20	-3.048861e-20	-2.617723e-20	-4.311381e-21
295.25        	1.405854e+00	7.029270e-01	7.029270e-01	3.268218e-01	1.680391e-01	1.587827e-01	4.628184e-03	-2.291349e-20	-1.081088e-20	-2.984566e-20	-2.573371e-20	-4.111948e-21
295.5         	1.408637e+00	7.043185e-01	7.043185e-01	3.472991e-01	1.779074e-01	1.693916e-01	4.257891e-03	-2.277499e-20	-1.071499e-20	-2.932360e-20	-2.537679e-20	-3.946808e-21
295.75        	1.411750e+00	7.058752e-01	7.058752e-01	3.617705e-01	1.846966e-01	1.770739e-01	3.811310e-03	-2.269331e-20	-1.065143e-20	-2.891627e-20	-2.510957e-20	-3.806707e-21
296           	1.414476e+00	7.072382e-01	7.072382e-01	3.696139e-01	1.881037e-01	1.815102e-01	3.296737e-03	-2.267011e-20	-1.061352e-20	-2.859033e-20	-2.490869e-20	-3.681647e-21
296.25        	1.416137e+00	7.080684e-01	7.080684e-01	3.706741e-01	1.880608e-01	1.826133e-01	2.723773e-03	-2.270297e-20	-1.059115e-20	-2.835383e-20	-2.476807e-20	-3.585764e-21
296.5         	1.417596e+00	7.087980e-01	7.087980e-01	3.655008e-01	1.848535e-01	1.806473e-01	2.103084e-03	-2.278932e-20	-1.059417e-20	-2.822739e-20	-2.470787e-20	-3.519526e-21
296.75        	1.418882e+00	7.094412e-01	7.094412e-01	3.540327e-01	1.784625e-01	1.755702e-01	1.446126e-03	-2.292838e-20	-1.062166e-20	-2.824565e-20	-2.474449e-20	-3.501166e-21
297           	1.419430e+00	7.097150e-01	7.097150e-01	3.363117e-01	1.689207e-01	1.673909e-01	7.648954e-04	-2.311994e-20	-1.066541e-20	-2.837008e-20	-2.485045e-20	-3.519635e-21
297.25        	1.418253e+00	7.091266e-01	7.091266e-01	3.125764e-01	1.563598e-01	1.562166e-01	7.160503e-05	-2.335772e-20	-1.071559e-20	-2.847546e-20	-2.495332e-20	-3.522135e-21
297.5         	1.416877e+00	7.084387e-01	7.084387e-01	2.838396e-01	1.412982e-01	1.425414e-01	-6.216091e-04	-2.363944e-20	-1.078695e-20	-2.871037e-20	-2.514214e-20	-3.568234e-21
297.75        	1.414599e+00	7.072997e-01	7.072997e-01	2.498794e-01	1.236370e-01	1.262424e-01	-1.302713e-03	-2.396707e-20	-1.087384e-20	-2.901211e-20	-2.537989e-20	-3.632220e-21
298           	1.412009e+00	7.060044e-01	7.060044e-01	2.115738e-01	1.038268e-01	1.077471e-01	-1.960150e-03	-2.433456e-20	-1.098083e-20	-2.939935e-20	-2.568050e-20	-3.718848e-21
298.25        	1.408943e+00	7.044716e-01	7.044716e-01	1.695688e-01	8.220151e-02	8.736726e-02	-2.582876e-03	-2.473871e-20	-1.110682e-20	-2.985498e-20	-2.603431e-20	-3.820673e-21
298.5         	1.405842e+00	7.029210e-01	7.029210e-01	1.246108e-01	5.914501e-02	6.546579e-02	-3.160390e-03	-2.517453e-20	-1.125692e-20	-3.039598e-20	-2.645492e-20	-3.941069e-21
298.75        	1.403128e+00	7.015642e-01	7.015642e-01	7.770067e-02	3.516737e-02	4.253330e-02	-3.682963e-03	-2.563616e-20	-1.143095e-20	-3.100789e-20	-2.693490e-20	-4.072994e-21
299           	1.400907e+00	7.004535e-01	7.004535e-01	2.893166e-02	1.032405e-02	1.860761e-02	-4.141783e-03	-2.612358e-20	-1.163241e-20	-3.170478e-20	-2.748481e-20	-4.219976e-21
299.25        	1.398579e+00	6.992897e-01	6.992897e-01	-2.040500e-02	-1.473151e-02	-5.673493e-03	-4.529008e-03	-2.661994e-20	-1.184499e-20	-3.240550e-20	-2.804774e-20	-4.357757e-21
299.5         	1.397141e+00	6.985703e-01	6.985703e-01	-6.961688e-02	-3.964625e-02	-2.997064e-02	-4.837805e-03	-2.712390e-20	-1.207727e-20	-3.316160e-20	-2.865807e-20	-4.503534e-21
299.75        	1.396226e+00	6.981130e-01	6.981130e-01	-1.171863e-01	-6.365563e-02	-5.353069e-02	-5.062470e-03	-2.761363e-20	-1.231578e-20	-3.393083e-20	-2.928119e-20	-4.649634e-21
300           	1.396491e+00	6.982454e-01	6.982454e-01	-1.631575e-01	-8.677733e-02	-7.638022e-02	-5.198552e-03	-2.809501e-20	-1.256643e-20	-3.473170e-20	-2.993228e-20	-4.799416e-21
