Time        	Cd            	Cd(f)         	Cd(r)         	Cl            	Cl(f)         	Cl(r)         	CmPitch       	CmRoll        	CmYaw         	Cs            	Cs(f)         	Cs(r)         
200.25        	1.385822e+00	6.929111e-01	6.929111e-01	2.612583e-01	1.351559e-01	1.261024e-01	4.526771e-03	-2.317775e-20	-1.093502e-20	-2.984040e-20	-2.585522e-20	-3.985176e-21
200.5         	1.385847e+00	6.929234e-01	6.929234e-01	2.867736e-01	1.476743e-01	1.390993e-01	4.287493e-03	-2.299049e-20	-1.078101e-20	-2.988877e-20	-2.572540e-20	-4.163378e-21
200.75        	1.387536e+00	6.937681e-01	6.937681e-01	3.076911e-01	1.578181e-01	1.498730e-01	3.972573e-03	-2.283788e-20	-1.066488e-20	-2.953619e-20	-2.543298e-20	-4.103212e-21
201           	1.389439e+00	6.947193e-01	6.947193e-01	3.223000e-01	1.647373e-01	1.575626e-01	3.587350e-03	-2.274397e-20	-1.057751e-20	-2.911775e-20	-2.513639e-20	-3.981362e-21
201.25        	1.392050e+00	6.960252e-01	6.960252e-01	3.319341e-01	1.691056e-01	1.628285e-01	3.138565e-03	-2.269900e-20	-1.052333e-20	-2.879673e-20	-2.492169e-20	-3.875039e-21
201.5         	1.393925e+00	6.969625e-01	6.969625e-01	3.355388e-01	1.704037e-01	1.651351e-01	2.634289e-03	-2.270724e-20	-1.048458e-20	-2.852628e-20	-2.474772e-20	-3.778558e-21
201.75        	1.395739e+00	6.978697e-01	6.978697e-01	3.332414e-01	1.687043e-01	1.645371e-01	2.083607e-03	-2.276917e-20	-1.047067e-20	-2.833147e-20	-2.463640e-20	-3.695067e-21
202           	1.397100e+00	6.985502e-01	6.985502e-01	3.253981e-01	1.641955e-01	1.612026e-01	1.496464e-03	-2.287817e-20	-1.047783e-20	-2.826037e-20	-2.460802e-20	-3.652351e-21
202.25        	1.397267e+00	6.986333e-01	6.986333e-01	3.117050e-01	1.567358e-01	1.549692e-01	8.833030e-04	-2.303453e-20	-1.049548e-20	-2.818675e-20	-2.458886e-20	-3.597890e-21
202.5         	1.397541e+00	6.987707e-01	6.987707e-01	2.927512e-01	1.466305e-01	1.461207e-01	2.549200e-04	-2.323701e-20	-1.053899e-20	-2.827494e-20	-2.467646e-20	-3.598484e-21
202.75        	1.397100e+00	6.985501e-01	6.985501e-01	2.690546e-01	1.341495e-01	1.349050e-01	-3.777475e-04	-2.347729e-20	-1.059873e-20	-2.843984e-20	-2.481865e-20	-3.621192e-21
203           	1.395628e+00	6.978141e-01	6.978141e-01	2.405275e-01	1.192599e-01	1.212677e-01	-1.003909e-03	-2.375828e-20	-1.066933e-20	-2.863326e-20	-2.498596e-20	-3.647305e-21
203.25        	1.393875e+00	6.969374e-01	6.969374e-01	2.074470e-01	1.021106e-01	1.053364e-01	-1.612919e-03	-2.408206e-20	-1.076294e-20	-2.893741e-20	-2.523164e-20	-3.705767e-21
203.5         	1.391589e+00	6.957947e-01	6.957947e-01	1.707746e-01	8.319271e-02	8.758187e-02	-2.194584e-03	-2.443746e-20	-1.087358e-20	-2.930754e-20	-2.552735e-20	-3.780193e-21
203.75        	1.389538e+00	6.947690e-01	6.947690e-01	1.308811e-01	6.270151e-02	6.817960e-02	-2.739047e-03	-2.482688e-20	-1.101024e-20	-2.981241e-20	-2.591644e-20	-3.895965e-21
204           	1.387068e+00	6.935340e-01	6.935340e-01	8.918082e-02	4.135324e-02	4.782758e-02	-3.237173e-03	-2.523411e-20	-1.115991e-20	-3.031713e-20	-2.631847e-20	-3.998661e-21
204.25        	1.385090e+00	6.925449e-01	6.925449e-01	4.550169e-02	1.907029e-02	2.643140e-02	-3.680552e-03	-2.566716e-20	-1.133441e-20	-3.093535e-20	-2.680209e-20	-4.133265e-21
204.5         	1.382708e+00	6.913539e-01	6.913539e-01	1.097505e-03	-3.512881e-03	4.610386e-03	-4.061634e-03	-2.610975e-20	-1.151738e-20	-3.152762e-20	-2.728119e-20	-4.246429e-21
204.75        	1.381782e+00	6.908909e-01	6.908909e-01	-4.354091e-02	-2.614425e-02	-1.739666e-02	-4.373798e-03	-2.656190e-20	-1.172938e-20	-3.226809e-20	-2.786343e-20	-4.404663e-21
205           	1.380888e+00	6.904439e-01	6.904439e-01	-8.764263e-02	-4.843276e-02	-3.920987e-02	-4.611443e-03	-2.701233e-20	-1.194627e-20	-3.300311e-20	-2.844782e-20	-4.555291e-21
205.25        	1.380814e+00	6.904068e-01	6.904068e-01	-1.302210e-01	-6.988050e-02	-6.034053e-02	-4.769986e-03	-2.745284e-20	-1.217296e-20	-3.376019e-20	-2.905305e-20	-4.707134e-21
205.5         	1.381039e+00	6.905197e-01	6.905197e-01	-1.709204e-01	-9.030631e-02	-8.061406e-02	-4.846125e-03	-2.787642e-20	-1.239501e-20	-3.450697e-20	-2.964850e-20	-4.858476e-21
205.75        	1.382436e+00	6.912181e-01	6.912181e-01	-2.083208e-01	-1.089983e-01	-9.932250e-02	-4.837913e-03	-2.826937e-20	-1.261978e-20	-3.525208e-20	-3.024582e-20	-5.006254e-21
206           	1.383799e+00	6.918993e-01	6.918993e-01	-2.427053e-01	-1.260975e-01	-1.166078e-01	-4.744870e-03	-2.863117e-20	-1.282781e-20	-3.593693e-20	-3.079627e-20	-5.140654e-21
206.25        	1.385780e+00	6.928901e-01	6.928901e-01	-2.719171e-01	-1.405267e-01	-1.313904e-01	-4.568107e-03	-2.893658e-20	-1.302085e-20	-3.659596e-20	-3.131882e-20	-5.277133e-21
206.5         	1.388360e+00	6.941800e-01	6.941800e-01	-2.972818e-01	-1.529513e-01	-1.443306e-01	-4.310357e-03	-2.920256e-20	-1.319872e-20	-3.720501e-20	-3.180123e-20	-5.403784e-21
206.75        	1.390628e+00	6.953141e-01	6.953141e-01	-3.166334e-01	-1.622927e-01	-1.543407e-01	-3.975957e-03	-2.939791e-20	-1.334644e-20	-3.772489e-20	-3.220889e-20	-5.516002e-21
207           	1.393409e+00	6.967044e-01	6.967044e-01	-3.309066e-01	-1.690241e-01	-1.618825e-01	-3.570758e-03	-2.953836e-20	-1.347365e-20	-3.819078e-20	-3.256904e-20	-5.621746e-21
207.25        	1.395669e+00	6.978344e-01	6.978344e-01	-3.388038e-01	-1.725039e-01	-1.662999e-01	-3.102026e-03	-2.960276e-20	-1.356649e-20	-3.856167e-20	-3.284733e-20	-5.714349e-21
207.5         	1.397800e+00	6.989001e-01	6.989001e-01	-3.419078e-01	-1.735322e-01	-1.683756e-01	-2.578278e-03	-2.961215e-20	-1.363252e-20	-3.883415e-20	-3.304960e-20	-5.784550e-21
207.75        	1.399397e+00	6.996985e-01	6.996985e-01	-3.378625e-01	-1.709403e-01	-1.669222e-01	-2.009025e-03	-2.953784e-20	-1.366648e-20	-3.904054e-20	-3.318675e-20	-5.853788e-21
208           	1.400343e+00	7.001716e-01	7.001716e-01	-3.283384e-01	-1.655738e-01	-1.627647e-01	-1.404565e-03	-2.939842e-20	-1.366904e-20	-3.914143e-20	-3.323976e-20	-5.901671e-21
208.25        	1.400947e+00	7.004735e-01	7.004735e-01	-3.138135e-01	-1.576825e-01	-1.561310e-01	-7.757193e-04	-2.920175e-20	-1.364613e-20	-3.918079e-20	-3.323653e-20	-5.944259e-21
208.5         	1.400970e+00	7.004849e-01	7.004849e-01	-2.931107e-01	-1.466889e-01	-1.464217e-01	-1.336107e-04	-2.893566e-20	-1.359352e-20	-3.913668e-20	-3.316186e-20	-5.974817e-21
208.75        	1.399764e+00	6.998821e-01	6.998821e-01	-2.675236e-01	-1.332512e-01	-1.342724e-01	5.105847e-04	-2.861296e-20	-1.350576e-20	-3.895094e-20	-3.298124e-20	-5.969707e-21
209           	1.398122e+00	6.990609e-01	6.990609e-01	-2.373105e-01	-1.175094e-01	-1.198011e-01	1.145844e-03	-2.824345e-20	-1.339210e-20	-3.869225e-20	-3.273823e-20	-5.954024e-21
209.25        	1.396258e+00	6.981291e-01	6.981291e-01	-2.027648e-01	-9.962101e-02	-1.031438e-01	1.761371e-03	-2.783091e-20	-1.325400e-20	-3.837211e-20	-3.244006e-20	-5.932051e-21
209.5         	1.394260e+00	6.971298e-01	6.971298e-01	-1.644209e-01	-7.986368e-02	-8.455725e-02	2.346783e-03	-2.738584e-20	-1.309308e-20	-3.798838e-20	-3.208727e-20	-5.901106e-21
209.75        	1.391852e+00	6.959260e-01	6.959260e-01	-1.232949e-01	-5.875528e-02	-6.453959e-02	2.892157e-03	-2.692023e-20	-1.290738e-20	-3.750175e-20	-3.165826e-20	-5.843493e-21
210           	1.389449e+00	6.947247e-01	6.947247e-01	-8.030355e-02	-3.676349e-02	-4.354005e-02	3.388279e-03	-2.644668e-20	-1.270393e-20	-3.691749e-20	-3.116267e-20	-5.754819e-21
210.25        	1.387362e+00	6.936809e-01	6.936809e-01	-3.546942e-02	-1.390796e-02	-2.156146e-02	3.826750e-03	-2.596679e-20	-1.248769e-20	-3.631380e-20	-3.064459e-20	-5.669209e-21
210.5         	1.385629e+00	6.928143e-01	6.928143e-01	9.758379e-03	9.079228e-03	6.791511e-04	4.200038e-03	-2.549872e-20	-1.226004e-20	-3.562048e-20	-3.007028e-20	-5.550196e-21
210.75        	1.384319e+00	6.921597e-01	6.921597e-01	5.504308e-02	3.202317e-02	2.301992e-02	4.501624e-03	-2.504300e-20	-1.202895e-20	-3.489787e-20	-2.947788e-20	-5.419988e-21
211           	1.383519e+00	6.917596e-01	6.917596e-01	1.000141e-01	5.473305e-02	4.528105e-02	4.726002e-03	-2.460416e-20	-1.179661e-20	-3.415662e-20	-2.887492e-20	-5.281699e-21
211.25        	1.383494e+00	6.917471e-01	6.917471e-01	1.432608e-01	7.649920e-02	6.676164e-02	4.868777e-03	-2.419726e-20	-1.157140e-20	-3.339633e-20	-2.826957e-20	-5.126760e-21
211.5         	1.384101e+00	6.920503e-01	6.920503e-01	1.831937e-01	9.652378e-02	8.666996e-02	4.926910e-03	-2.383660e-20	-1.136313e-20	-3.265150e-20	-2.768888e-20	-4.962620e-21
211.75        	1.385141e+00	6.925707e-01	6.925707e-01	2.208078e-01	1.153027e-01	1.055051e-01	4.898765e-03	-2.350724e-20	-1.116728e-20	-3.190643e-20	-2.712049e-20	-4.785937e-21
212           	1.386865e+00	6.934326e-01	6.934326e-01	2.541313e-01	1.318499e-01	1.222814e-01	4.784275e-03	-2.322930e-20	-1.099638e-20	-3.122809e-20	-2.661042e-20	-4.617668e-21
212.25        	1.389154e+00	6.945770e-01	6.945770e-01	2.831811e-01	1.461755e-01	1.370056e-01	4.584955e-03	-2.299964e-20	-1.084962e-20	-3.058096e-20	-2.614010e-20	-4.440861e-21
212.5         	1.391851e+00	6.959253e-01	6.959253e-01	3.068536e-01	1.577308e-01	1.491227e-01	4.304058e-03	-2.282544e-20	-1.073092e-20	-3.004209e-20	-2.575196e-20	-4.290128e-21
212.75        	1.394462e+00	6.972312e-01	6.972312e-01	3.255248e-01	1.667088e-01	1.588160e-01	3.946433e-03	-2.269978e-20	-1.063599e-20	-2.954779e-20	-2.540989e-20	-4.137899e-21
213           	1.396956e+00	6.984779e-01	6.984779e-01	3.385063e-01	1.727716e-01	1.657347e-01	3.518448e-03	-2.262676e-20	-1.056557e-20	-2.912915e-20	-2.513015e-20	-3.998999e-21
213.25        	1.398994e+00	6.994970e-01	6.994970e-01	3.452085e-01	1.756321e-01	1.695764e-01	3.027856e-03	-2.261038e-20	-1.051718e-20	-2.876823e-20	-2.490129e-20	-3.866935e-21
213.5         	1.400907e+00	7.004534e-01	7.004534e-01	3.459421e-01	1.754548e-01	1.704873e-01	2.483704e-03	-2.264701e-20	-1.049380e-20	-2.851504e-20	-2.475132e-20	-3.763713e-21
213.75        	1.402747e+00	7.013735e-01	7.013735e-01	3.408598e-01	1.723258e-01	1.685340e-01	1.895911e-03	-2.273338e-20	-1.049580e-20	-2.840127e-20	-2.469643e-20	-3.704838e-21
214           	1.403441e+00	7.017206e-01	7.017206e-01	3.295299e-01	1.660401e-01	1.634898e-01	1.275163e-03	-2.287153e-20	-1.050947e-20	-2.830821e-20	-2.466357e-20	-3.644640e-21
214.25        	1.403766e+00	7.018832e-01	7.018832e-01	3.127049e-01	1.569851e-01	1.557198e-01	6.326231e-04	-2.305595e-20	-1.054486e-20	-2.833826e-20	-2.471399e-20	-3.624267e-21
214.5         	1.403300e+00	7.016499e-01	7.016499e-01	2.906815e-01	1.453204e-01	1.453611e-01	-2.035311e-05	-2.328204e-20	-1.059550e-20	-2.842908e-20	-2.481004e-20	-3.619042e-21
214.75        	1.402589e+00	7.012945e-01	7.012945e-01	2.632169e-01	1.309360e-01	1.322809e-01	-6.724395e-04	-2.355787e-20	-1.066934e-20	-2.865114e-20	-2.499491e-20	-3.656223e-21
215           	1.400545e+00	7.002727e-01	7.002727e-01	2.310603e-01	1.142177e-01	1.168426e-01	-1.312448e-03	-2.387176e-20	-1.075009e-20	-2.888624e-20	-2.519321e-20	-3.693030e-21
215.25        	1.398469e+00	6.992345e-01	6.992345e-01	1.948123e-01	9.547663e-02	9.933571e-02	-1.929538e-03	-2.422452e-20	-1.085644e-20	-2.926159e-20	-2.548724e-20	-3.774357e-21
215.5         	1.395999e+00	6.979997e-01	6.979997e-01	1.553598e-01	7.516664e-02	8.019315e-02	-2.513255e-03	-2.460764e-20	-1.098189e-20	-2.969364e-20	-2.582871e-20	-3.864931e-21
215.75        	1.393403e+00	6.967014e-01	6.967014e-01	1.128227e-01	5.335760e-02	5.946507e-02	-3.053735e-03	-2.502467e-20	-1.112671e-20	-3.020383e-20	-2.622862e-20	-3.975212e-21
216           	1.391030e+00	6.955150e-01	6.955150e-01	6.873207e-02	3.082419e-02	3.790787e-02	-3.541839e-03	-2.545829e-20	-1.129342e-20	-3.081102e-20	-2.669893e-20	-4.112094e-21
216.25        	1.388796e+00	6.943980e-01	6.943980e-01	2.302745e-02	7.544430e-03	1.548302e-02	-3.969297e-03	-2.591494e-20	-1.148028e-20	-3.143823e-20	-2.719940e-20	-4.238830e-21
216.5         	1.387358e+00	6.936791e-01	6.936791e-01	-2.258229e-02	-1.561988e-02	-6.962407e-03	-4.328738e-03	-2.637538e-20	-1.168704e-20	-3.215259e-20	-2.776333e-20	-4.389258e-21
216.75        	1.386052e+00	6.930260e-01	6.930260e-01	-6.874479e-02	-3.898627e-02	-2.975852e-02	-4.613873e-03	-2.684632e-20	-1.190411e-20	-3.288877e-20	-2.834850e-20	-4.540272e-21
217           	1.385676e+00	6.928379e-01	6.928379e-01	-1.133664e-01	-6.150263e-02	-5.186381e-02	-4.819408e-03	-2.730774e-20	-1.213400e-20	-3.365925e-20	-2.896363e-20	-4.695620e-21
217.25        	1.385587e+00	6.927936e-01	6.927936e-01	-1.562229e-01	-8.305270e-02	-7.317018e-02	-4.941259e-03	-2.775225e-20	-1.236195e-20	-3.442491e-20	-2.957440e-20	-4.850511e-21
217.5         	1.386473e+00	6.932363e-01	6.932363e-01	-1.963840e-01	-1.031688e-01	-9.321527e-02	-4.976743e-03	-2.817383e-20	-1.259250e-20	-3.519449e-20	-3.018975e-20	-5.004741e-21
217.75        	1.388037e+00	6.940183e-01	6.940183e-01	-2.327580e-01	-1.213037e-01	-1.114543e-01	-4.924672e-03	-2.855816e-20	-1.281378e-20	-3.592457e-20	-3.077607e-20	-5.148507e-21
218           	1.390145e+00	6.950725e-01	6.950725e-01	-2.655202e-01	-1.375455e-01	-1.279747e-01	-4.785416e-03	-2.890478e-20	-1.302291e-20	-3.662180e-20	-3.133381e-20	-5.287991e-21
218.25        	1.391945e+00	6.959723e-01	6.959723e-01	-2.936997e-01	-1.514109e-01	-1.422888e-01	-4.561031e-03	-2.919876e-20	-1.320347e-20	-3.721477e-20	-3.181085e-20	-5.403917e-21
218.5         	1.394663e+00	6.973313e-01	6.973313e-01	-3.159553e-01	-1.622329e-01	-1.537224e-01	-4.255285e-03	-2.942867e-20	-1.336779e-20	-3.778932e-20	-3.226245e-20	-5.526867e-21
218.75        	1.397469e+00	6.987344e-01	6.987344e-01	-3.332576e-01	-1.705024e-01	-1.627552e-01	-3.873588e-03	-2.960315e-20	-1.350734e-20	-3.827896e-20	-3.264682e-20	-5.632138e-21
219           	1.399756e+00	6.998779e-01	6.998779e-01	-3.442205e-01	-1.755331e-01	-1.686874e-01	-3.422833e-03	-2.970224e-20	-1.361061e-20	-3.866021e-20	-3.294071e-20	-5.719491e-21
219.25        	1.401986e+00	7.009931e-01	7.009931e-01	-3.494126e-01	-1.776176e-01	-1.717951e-01	-2.911270e-03	-2.973541e-20	-1.368807e-20	-3.895089e-20	-3.316351e-20	-5.787380e-21
219.5         	1.403930e+00	7.019650e-01	7.019650e-01	-3.479573e-01	-1.763270e-01	-1.716303e-01	-2.348359e-03	-2.968966e-20	-1.373558e-20	-3.921029e-20	-3.334073e-20	-5.869560e-21
219.75        	1.404773e+00	7.023865e-01	7.023865e-01	-3.409209e-01	-1.722049e-01	-1.687160e-01	-1.744423e-03	-2.957817e-20	-1.374412e-20	-3.930497e-20	-3.339661e-20	-5.908360e-21
220           	1.405682e+00	7.028412e-01	7.028412e-01	-3.281982e-01	-1.652095e-01	-1.629887e-01	-1.110420e-03	-2.940173e-20	-1.373046e-20	-3.936248e-20	-3.341170e-20	-5.950785e-21
220.25        	1.405685e+00	7.028424e-01	7.028424e-01	-3.095609e-01	-1.552382e-01	-1.543227e-01	-4.577470e-04	-2.915678e-20	-1.368616e-20	-3.932964e-20	-3.335099e-20	-5.978658e-21
220.5         	1.405166e+00	7.025828e-01	7.025828e-01	-2.853424e-01	-1.424691e-01	-1.428733e-01	2.020714e-04	-2.884942e-20	-1.361132e-20	-3.922588e-20	-3.322426e-20	-6.001625e-21
220.75        	1.403737e+00	7.018684e-01	7.018684e-01	-2.562646e-01	-1.272747e-01	-1.289900e-01	8.576557e-04	-2.848917e-20	-1.350655e-20	-3.900257e-20	-3.300784e-20	-5.994729e-21
221           	1.402142e+00	7.010710e-01	7.010710e-01	-2.227929e-01	-1.098987e-01	-1.128942e-01	1.497762e-03	-2.808668e-20	-1.337769e-20	-3.872251e-20	-3.273894e-20	-5.983570e-21
221.25        	1.399478e+00	6.997389e-01	6.997389e-01	-1.850697e-01	-9.042325e-02	-9.464641e-02	2.111578e-03	-2.764101e-20	-1.321545e-20	-3.831096e-20	-3.237094e-20	-5.940026e-21
221.5         	1.396797e+00	6.983983e-01	6.983983e-01	-1.442918e-01	-6.945722e-02	-7.483460e-02	2.688688e-03	-2.717296e-20	-1.303308e-20	-3.783058e-20	-3.194837e-20	-5.882212e-21
221.75        	1.394127e+00	6.970636e-01	6.970636e-01	-1.009943e-01	-4.727778e-02	-5.371649e-02	3.219356e-03	-2.669006e-20	-1.282980e-20	-3.726947e-20	-3.146454e-20	-5.804932e-21
222           	1.391715e+00	6.958577e-01	6.958577e-01	-5.583551e-02	-2.422314e-02	-3.161237e-02	3.694616e-03	-2.620015e-20	-1.261404e-20	-3.668271e-20	-3.095540e-20	-5.727309e-21
222.25        	1.389718e+00	6.948588e-01	6.948588e-01	-9.663066e-03	-7.251611e-04	-8.937905e-03	4.106372e-03	-2.571609e-20	-1.238500e-20	-3.600018e-20	-3.038509e-20	-5.615092e-21
222.5         	1.388078e+00	6.940391e-01	6.940391e-01	3.692599e-02	2.291054e-02	1.401545e-02	4.447548e-03	-2.524100e-20	-1.214728e-20	-3.528318e-20	-2.978887e-20	-5.494313e-21
222.75        	1.387116e+00	6.935578e-01	6.935578e-01	8.280513e-02	4.611466e-02	3.669046e-02	4.712102e-03	-2.479009e-20	-1.191174e-20	-3.451403e-20	-2.916876e-20	-5.345272e-21
223           	1.386547e+00	6.932736e-01	6.932736e-01	1.273868e-01	6.858840e-02	5.879839e-02	4.895003e-03	-2.436362e-20	-1.167807e-20	-3.374902e-20	-2.855258e-20	-5.196438e-21
223.25        	1.387206e+00	6.936028e-01	6.936028e-01	1.695850e-01	8.978505e-02	7.979992e-02	4.992564e-03	-2.397776e-20	-1.146160e-20	-3.299279e-20	-2.795800e-20	-5.034795e-21
223.5         	1.387915e+00	6.939575e-01	6.939575e-01	2.093886e-01	1.096968e-01	9.969176e-02	5.002521e-03	-2.362304e-20	-1.125411e-20	-3.222428e-20	-2.736625e-20	-4.858030e-21
223.75        	1.389526e+00	6.947629e-01	6.947629e-01	2.448100e-01	1.273291e-01	1.174809e-01	4.924141e-03	-2.332270e-20	-1.107257e-20	-3.151724e-20	-2.683119e-20	-4.686047e-21
224           	1.391620e+00	6.958098e-01	6.958098e-01	2.763270e-01	1.429218e-01	1.334052e-01	4.758339e-03	-2.306735e-20	-1.091404e-20	-3.083969e-20	-2.633388e-20	-4.505807e-21
224.25        	1.393915e+00	6.969577e-01	6.969577e-01	3.026749e-01	1.558451e-01	1.468297e-01	4.507702e-03	-2.286597e-20	-1.078071e-20	-3.021715e-20	-2.588929e-20	-4.327869e-21
224.5         	1.396717e+00	6.983584e-01	6.983584e-01	3.239814e-01	1.661672e-01	1.578142e-01	4.176535e-03	-2.271561e-20	-1.067620e-20	-2.971298e-20	-2.553269e-20	-4.180285e-21
224.75        	1.399542e+00	6.997710e-01	6.997710e-01	3.394148e-01	1.734782e-01	1.659366e-01	3.770793e-03	-2.262237e-20	-1.059856e-20	-2.925468e-20	-2.522590e-20	-4.028777e-21
225           	1.401521e+00	7.007606e-01	7.007606e-01	3.485212e-01	1.775584e-01	1.709627e-01	3.297860e-03	-2.258364e-20	-1.054191e-20	-2.883591e-20	-2.495987e-20	-3.876041e-21
225.25        	1.403435e+00	7.017175e-01	7.017175e-01	3.517116e-01	1.786223e-01	1.730894e-01	2.766464e-03	-2.259804e-20	-1.050872e-20	-2.853493e-20	-2.477619e-20	-3.758744e-21
225.5         	1.405788e+00	7.028941e-01	7.028941e-01	3.489623e-01	1.766676e-01	1.722947e-01	2.186426e-03	-2.266698e-20	-1.050654e-20	-2.838075e-20	-2.469691e-20	-3.683836e-21
225.75        	1.406540e+00	7.032698e-01	7.032698e-01	3.396377e-01	1.713873e-01	1.682504e-01	1.568412e-03	-2.278749e-20	-1.051421e-20	-2.825493e-20	-2.464167e-20	-3.613262e-21
226           	1.406948e+00	7.034740e-01	7.034740e-01	3.246664e-01	1.632568e-01	1.614096e-01	9.236024e-04	-2.295585e-20	-1.054160e-20	-2.823575e-20	-2.465947e-20	-3.576277e-21
226.25        	1.406947e+00	7.034734e-01	7.034734e-01	3.042224e-01	1.523747e-01	1.518476e-01	2.635551e-04	-2.317065e-20	-1.059007e-20	-2.831350e-20	-2.474682e-20	-3.566678e-21
226.5         	1.405695e+00	7.028474e-01	7.028474e-01	2.784485e-01	1.388241e-01	1.396244e-01	-4.001249e-04	-2.342850e-20	-1.064921e-20	-2.842359e-20	-2.486101e-20	-3.562583e-21
226.75        	1.404192e+00	7.020959e-01	7.020959e-01	2.479278e-01	1.229079e-01	1.250199e-01	-1.056034e-03	-2.372821e-20	-1.072907e-20	-2.866881e-20	-2.506348e-20	-3.605332e-21
227           	1.401965e+00	7.009824e-01	7.009824e-01	2.125799e-01	1.045970e-01	1.079829e-01	-1.692957e-03	-2.407191e-20	-1.082661e-20	-2.898780e-20	-2.532051e-20	-3.667292e-21
227.25        	1.399758e+00	6.998791e-01	6.998791e-01	1.737071e-01	8.455338e-02	8.915369e-02	-2.300154e-03	-2.445009e-20	-1.094878e-20	-2.941705e-20	-2.565731e-20	-3.759743e-21
227.5         	1.396992e+00	6.984959e-01	6.984959e-01	1.315588e-01	6.291206e-02	6.864670e-02	-2.867319e-03	-2.485990e-20	-1.108666e-20	-2.992504e-20	-2.604918e-20	-3.875863e-21
227.75        	1.394341e+00	6.971704e-01	6.971704e-01	8.736644e-02	4.029833e-02	4.706811e-02	-3.384886e-03	-2.529335e-20	-1.124619e-20	-3.048842e-20	-2.649040e-20	-3.998023e-21
228           	1.392387e+00	6.961936e-01	6.961936e-01	4.188258e-02	1.709718e-02	2.478540e-02	-3.844110e-03	-2.574650e-20	-1.143274e-20	-3.114708e-20	-2.700628e-20	-4.140806e-21
228.25        	1.389769e+00	6.948845e-01	6.948845e-01	-4.832354e-03	-6.653317e-03	1.820963e-03	-4.237140e-03	-2.621367e-20	-1.162416e-20	-3.178452e-20	-2.751642e-20	-4.268104e-21
228.5         	1.388807e+00	6.944036e-01	6.944036e-01	-5.170709e-02	-3.041074e-02	-2.129636e-02	-4.557189e-03	-2.669162e-20	-1.184788e-20	-3.257104e-20	-2.813340e-20	-4.437639e-21
228.75        	1.387898e+00	6.939491e-01	6.939491e-01	-9.727588e-02	-5.343644e-02	-4.383943e-02	-4.798506e-03	-2.715823e-20	-1.207320e-20	-3.336593e-20	-2.875617e-20	-4.609765e-21
229           	1.387748e+00	6.938738e-01	6.938738e-01	-1.415018e-01	-7.570734e-02	-6.579451e-02	-4.956417e-03	-2.761741e-20	-1.230634e-20	-3.414175e-20	-2.937722e-20	-4.764534e-21
229.25        	1.387826e+00	6.939131e-01	6.939131e-01	-1.833361e-01	-9.669568e-02	-8.664039e-02	-5.027648e-03	-2.805388e-20	-1.253352e-20	-3.487783e-20	-2.997243e-20	-4.905400e-21
229.5         	1.389073e+00	6.945366e-01	6.945366e-01	-2.216368e-01	-1.158288e-01	-1.058080e-01	-5.010391e-03	-2.845687e-20	-1.276083e-20	-3.564549e-20	-3.058357e-20	-5.061917e-21
229.75        	1.390932e+00	6.954659e-01	6.954659e-01	-2.567204e-01	-1.332646e-01	-1.234558e-01	-4.904426e-03	-2.882827e-20	-1.297517e-20	-3.635676e-20	-3.115355e-20	-5.203211e-21
230           	1.392901e+00	6.964503e-01	6.964503e-01	-2.863537e-01	-1.478880e-01	-1.384656e-01	-4.711193e-03	-2.913811e-20	-1.316778e-20	-3.698414e-20	-3.165985e-20	-5.324292e-21
230.25        	1.395751e+00	6.978753e-01	6.978753e-01	-3.114263e-01	-1.601470e-01	-1.512793e-01	-4.433841e-03	-2.940017e-20	-1.334551e-20	-3.760618e-20	-3.214861e-20	-5.457579e-21
230.5         	1.398249e+00	6.991246e-01	6.991246e-01	-3.308480e-01	-1.695013e-01	-1.613468e-01	-4.077252e-03	-2.959655e-20	-1.349201e-20	-3.812747e-20	-3.255574e-20	-5.571725e-21
230.75        	1.400660e+00	7.003300e-01	7.003300e-01	-3.441394e-01	-1.757176e-01	-1.684218e-01	-3.647875e-03	-2.972360e-20	-1.360777e-20	-3.852775e-20	-3.287165e-20	-5.656101e-21
231           	1.403196e+00	7.015980e-01	7.015980e-01	-3.514231e-01	-1.788651e-01	-1.725580e-01	-3.153582e-03	-2.977977e-20	-1.369687e-20	-3.887849e-20	-3.313611e-20	-5.742373e-21
231.25        	1.405062e+00	7.025308e-01	7.025308e-01	-3.532415e-01	-1.792243e-01	-1.740172e-01	-2.603552e-03	-2.977177e-20	-1.375247e-20	-3.911864e-20	-3.331179e-20	-5.806849e-21
231.5         	1.406632e+00	7.033159e-01	7.033159e-01	-3.478990e-01	-1.759574e-01	-1.719416e-01	-2.007936e-03	-2.967994e-20	-1.377766e-20	-3.930742e-20	-3.343137e-20	-5.876049e-21
231.75        	1.407439e+00	7.037193e-01	7.037193e-01	-3.367601e-01	-1.697577e-01	-1.670024e-01	-1.377641e-03	-2.952055e-20	-1.377200e-20	-3.936921e-20	-3.345660e-20	-5.912605e-21
232           	1.407803e+00	7.039013e-01	7.039013e-01	-3.202888e-01	-1.608685e-01	-1.594203e-01	-7.240898e-04	-2.929952e-20	-1.373626e-20	-3.937373e-20	-3.342313e-20	-5.950602e-21
232.25        	1.407052e+00	7.035260e-01	7.035260e-01	-2.977908e-01	-1.489543e-01	-1.488365e-01	-5.892025e-05	-2.900891e-20	-1.366683e-20	-3.924868e-20	-3.329117e-20	-5.957510e-21
232.5         	1.406047e+00	7.030236e-01	7.030236e-01	-2.702241e-01	-1.345058e-01	-1.357183e-01	6.062650e-04	-2.866486e-20	-1.357197e-20	-3.907795e-20	-3.311094e-20	-5.967011e-21
232.75        	1.404146e+00	7.020729e-01	7.020729e-01	-2.380149e-01	-1.177474e-01	-1.202675e-01	1.260045e-03	-2.827157e-20	-1.344947e-20	-3.879241e-20	-3.284567e-20	-5.946738e-21
233           	1.401916e+00	7.009579e-01	7.009579e-01	-2.013969e-01	-9.880714e-02	-1.025897e-01	1.891299e-03	-2.783583e-20	-1.329752e-20	-3.843641e-20	-3.251573e-20	-5.920688e-21
233.25        	1.399358e+00	6.996788e-01	6.996788e-01	-1.614426e-01	-7.823194e-02	-8.321066e-02	2.489363e-03	-2.737228e-20	-1.312283e-20	-3.800919e-20	-3.212743e-20	-5.881762e-21
233.5         	1.396714e+00	6.983570e-01	6.983570e-01	-1.182680e-01	-5.608987e-02	-6.217810e-02	3.044113e-03	-2.688598e-20	-1.292518e-20	-3.748835e-20	-3.166935e-20	-5.818993e-21
233.75        	1.393951e+00	6.969756e-01	6.969756e-01	-7.357727e-02	-3.324245e-02	-4.033482e-02	3.546183e-03	-2.639496e-20	-1.270955e-20	-3.688250e-20	-3.115080e-20	-5.731704e-21
234           	1.391888e+00	6.959439e-01	6.959439e-01	-2.736904e-02	-9.697432e-03	-1.767160e-02	3.987086e-03	-2.590566e-20	-1.248470e-20	-3.624686e-20	-3.060813e-20	-5.638727e-21
234.25        	1.390288e+00	6.951440e-01	6.951440e-01	1.990010e-02	1.430931e-02	5.590793e-03	4.359257e-03	-2.541916e-20	-1.224825e-20	-3.555904e-20	-3.002777e-20	-5.531277e-21
234.5         	1.388738e+00	6.943689e-01	6.943689e-01	6.623751e-02	3.777500e-02	2.846251e-02	4.656242e-03	-2.495634e-20	-1.200681e-20	-3.479333e-20	-2.940347e-20	-5.389857e-21
234.75        	1.388020e+00	6.940099e-01	6.940099e-01	1.119988e-01	6.087195e-02	5.112682e-02	4.872562e-03	-2.451446e-20	-1.176917e-20	-3.402832e-20	-2.878333e-20	-5.244991e-21
235           	1.388227e+00	6.941137e-01	6.941137e-01	1.556956e-01	8.285175e-02	7.284382e-02	5.003963e-03	-2.410742e-20	-1.154348e-20	-3.326434e-20	-2.817566e-20	-5.088688e-21
235.25        	1.388980e+00	6.944898e-01	6.944898e-01	1.965269e-01	1.033111e-01	9.321584e-02	5.047617e-03	-2.374059e-20	-1.133195e-20	-3.252359e-20	-2.759374e-20	-4.929849e-21
235.5         	1.390291e+00	6.951454e-01	6.951454e-01	2.340417e-01	1.220230e-01	1.120186e-01	5.002206e-03	-2.341706e-20	-1.113997e-20	-3.177508e-20	-2.702751e-20	-4.747570e-21
235.75        	1.392248e+00	6.961240e-01	6.961240e-01	2.671067e-01	1.384214e-01	1.286853e-01	4.868045e-03	-2.314608e-20	-1.097164e-20	-3.108680e-20	-2.651504e-20	-4.571758e-21
236           	1.394304e+00	6.971518e-01	6.971518e-01	2.961145e-01	1.527044e-01	1.434102e-01	4.647103e-03	-2.291602e-20	-1.082630e-20	-3.042789e-20	-2.604024e-20	-4.387651e-21
236.25        	1.396827e+00	6.984133e-01	6.984133e-01	3.189901e-01	1.638382e-01	1.551520e-01	4.343121e-03	-2.275044e-20	-1.071070e-20	-2.985529e-20	-2.563835e-20	-4.216942e-21
236.5         	1.399727e+00	6.998636e-01	6.998636e-01	3.368705e-01	1.723968e-01	1.644737e-01	3.961515e-03	-2.263383e-20	-1.062513e-20	-2.939557e-20	-2.532291e-20	-4.072655e-21
236.75        	1.402061e+00	7.010305e-01	7.010305e-01	3.485085e-01	1.777635e-01	1.707450e-01	3.509242e-03	-2.257294e-20	-1.056008e-20	-2.897490e-20	-2.504753e-20	-3.927370e-21
237           	1.404442e+00	7.022209e-01	7.022209e-01	3.538250e-01	1.799071e-01	1.739178e-01	2.994643e-03	-2.257095e-20	-1.052343e-20	-2.864997e-20	-2.484841e-20	-3.801550e-21
237.25        	1.406344e+00	7.031718e-01	7.031718e-01	3.528159e-01	1.788352e-01	1.739807e-01	2.427286e-03	-2.262241e-20	-1.050669e-20	-2.843055e-20	-2.472196e-20	-3.708589e-21
237.5         	1.407632e+00	7.038162e-01	7.038162e-01	3.462641e-01	1.749497e-01	1.713144e-01	1.817626e-03	-2.272087e-20	-1.051096e-20	-2.826126e-20	-2.464159e-20	-3.619668e-21
237.75        	1.408102e+00	7.040511e-01	7.040511e-01	3.330647e-01	1.677091e-01	1.653555e-01	1.176803e-03	-2.287425e-20	-1.053306e-20	-2.818779e-20	-2.462695e-20	-3.560838e-21
238           	1.408151e+00	7.040753e-01	7.040753e-01	3.142589e-01	1.576458e-01	1.566131e-01	5.163884e-04	-2.307547e-20	-1.057353e-20	-2.824422e-20	-2.469563e-20	-3.548583e-21
238.25        	1.407593e+00	7.037964e-01	7.037964e-01	2.903362e-01	1.450162e-01	1.453200e-01	-1.519217e-04	-2.331867e-20	-1.063256e-20	-2.837373e-20	-2.481942e-20	-3.554307e-21
238.5         	1.406220e+00	7.031098e-01	7.031098e-01	2.611525e-01	1.297597e-01	1.313928e-01	-8.165535e-04	-2.360684e-20	-1.070607e-20	-2.857429e-20	-2.499321e-20	-3.581078e-21
238.75        	1.404285e+00	7.021423e-01	7.021423e-01	2.273305e-01	1.121991e-01	1.151314e-01	-1.466109e-03	-2.393673e-20	-1.079879e-20	-2.887858e-20	-2.523807e-20	-3.640501e-21
239           	1.401774e+00	7.008870e-01	7.008870e-01	1.896418e-01	9.273129e-02	9.691049e-02	-2.089605e-03	-2.430172e-20	-1.090826e-20	-2.924497e-20	-2.553075e-20	-3.714225e-21
239.25        	1.398629e+00	6.993145e-01	6.993145e-01	1.479679e-01	7.130750e-02	7.666042e-02	-2.676460e-03	-2.470483e-20	-1.103550e-20	-2.968247e-20	-2.587673e-20	-3.805739e-21
239.5         	1.396249e+00	6.981244e-01	6.981244e-01	1.044016e-01	4.898402e-02	5.541761e-02	-3.216792e-03	-2.513187e-20	-1.119348e-20	-3.025045e-20	-2.631870e-20	-3.931750e-21
239.75        	1.393584e+00	6.967922e-01	6.967922e-01	5.862765e-02	2.561236e-02	3.301529e-02	-3.701463e-03	-2.558351e-20	-1.136427e-20	-3.088846e-20	-2.680850e-20	-4.079961e-21
240           	1.391746e+00	6.958730e-01	6.958730e-01	1.221560e-02	1.985546e-03	1.023005e-02	-4.122254e-03	-2.604933e-20	-1.156478e-20	-3.156881e-20	-2.734919e-20	-4.219623e-21
240.25        	1.390011e+00	6.950057e-01	6.950057e-01	-3.487672e-02	-2.191030e-02	-1.296642e-02	-4.471939e-03	-2.652535e-20	-1.177652e-20	-3.231095e-20	-2.793200e-20	-4.378952e-21
240.5         	1.388925e+00	6.944625e-01	6.944625e-01	-8.134333e-02	-4.541602e-02	-3.592730e-02	-4.744359e-03	-2.700147e-20	-1.200046e-20	-3.306725e-20	-2.853409e-20	-4.533164e-21
240.75        	1.388353e+00	6.941763e-01	6.941763e-01	-1.266349e-01	-6.825182e-02	-5.838306e-02	-4.934379e-03	-2.746890e-20	-1.223128e-20	-3.385894e-20	-2.916074e-20	-4.698191e-21
241           	1.388615e+00	6.943077e-01	6.943077e-01	-1.694031e-01	-8.973976e-02	-7.966336e-02	-5.038198e-03	-2.791493e-20	-1.246569e-20	-3.464557e-20	-2.978848e-20	-4.857092e-21
241.25        	1.389584e+00	6.947921e-01	6.947921e-01	-2.099958e-01	-1.100513e-01	-9.994446e-02	-5.053436e-03	-2.834174e-20	-1.269776e-20	-3.543102e-20	-3.041327e-20	-5.017751e-21
241.5         	1.391248e+00	6.956242e-01	6.956242e-01	-2.456595e-01	-1.278090e-01	-1.178504e-01	-4.979308e-03	-2.871751e-20	-1.291659e-20	-3.617246e-20	-3.100282e-20	-5.169639e-21
241.75        	1.393270e+00	6.966350e-01	6.966350e-01	-2.778123e-01	-1.437228e-01	-1.340895e-01	-4.816659e-03	-2.905593e-20	-1.311977e-20	-3.685212e-20	-3.154584e-20	-5.306288e-21
242           	1.395500e+00	6.977500e-01	6.977500e-01	-3.046864e-01	-1.569112e-01	-1.477751e-01	-4.568038e-03	-2.933616e-20	-1.330035e-20	-3.745719e-20	-3.202894e-20	-5.428248e-21
242.25        	1.398279e+00	6.991395e-01	6.991395e-01	-3.262757e-01	-1.673756e-01	-1.589001e-01	-4.237735e-03	-2.955889e-20	-1.345974e-20	-3.801243e-20	-3.246595e-20	-5.546481e-21
242.5         	1.401160e+00	7.005799e-01	7.005799e-01	-3.420323e-01	-1.748479e-01	-1.671844e-01	-3.831717e-03	-2.971480e-20	-1.359146e-20	-3.849292e-20	-3.283792e-20	-5.654999e-21
242.75        	1.402952e+00	7.014759e-01	7.014759e-01	-3.512390e-01	-1.789769e-01	-1.722621e-01	-3.357426e-03	-2.979096e-20	-1.368023e-20	-3.880808e-20	-3.308427e-20	-5.723804e-21
243           	1.405349e+00	7.026745e-01	7.026745e-01	-3.549306e-01	-1.802889e-01	-1.746416e-01	-2.823648e-03	-2.980582e-20	-1.375071e-20	-3.911379e-20	-3.330760e-20	-5.806190e-21
243.25        	1.407508e+00	7.037538e-01	7.037538e-01	-3.522899e-01	-1.783852e-01	-1.739047e-01	-2.240286e-03	-2.974793e-20	-1.379356e-20	-3.935222e-20	-3.346967e-20	-5.882554e-21
243.5         	1.408128e+00	7.040642e-01	7.040642e-01	-3.435110e-01	-1.733736e-01	-1.701374e-01	-1.618108e-03	-2.961309e-20	-1.379183e-20	-3.943236e-20	-3.350802e-20	-5.924347e-21
243.75        	1.408693e+00	7.043464e-01	7.043464e-01	-3.283795e-01	-1.651581e-01	-1.632213e-01	-9.684121e-04	-2.940767e-20	-1.376712e-20	-3.946595e-20	-3.350009e-20	-5.965853e-21
244           	1.408610e+00	7.043052e-01	7.043052e-01	-3.076987e-01	-1.541522e-01	-1.535465e-01	-3.028728e-04	-2.913837e-20	-1.371090e-20	-3.940564e-20	-3.341372e-20	-5.991920e-21
244.25        	1.407383e+00	7.036915e-01	7.036915e-01	-2.819099e-01	-1.405882e-01	-1.413217e-01	3.667737e-04	-2.881101e-20	-1.362210e-20	-3.921770e-20	-3.323096e-20	-5.986749e-21
244.5         	1.405928e+00	7.029639e-01	7.029639e-01	-2.513986e-01	-1.246703e-01	-1.267283e-01	1.029014e-03	-2.843598e-20	-1.351008e-20	-3.898169e-20	-3.300092e-20	-5.980766e-21
244.75        	1.403597e+00	7.017983e-01	7.017983e-01	-2.157714e-01	-1.062132e-01	-1.095582e-01	1.672512e-03	-2.800766e-20	-1.336453e-20	-3.864445e-20	-3.268676e-20	-5.957689e-21
245           	1.401058e+00	7.005291e-01	7.005291e-01	-1.767100e-01	-8.606859e-02	-9.064142e-02	2.286417e-03	-2.754973e-20	-1.319592e-20	-3.823334e-20	-3.231259e-20	-5.920747e-21
245.25        	1.398497e+00	6.992487e-01	6.992487e-01	-1.341739e-01	-6.422662e-02	-6.994724e-02	2.860310e-03	-2.706585e-20	-1.300576e-20	-3.776675e-20	-3.188914e-20	-5.877608e-21
245.5         	1.395685e+00	6.978424e-01	6.978424e-01	-8.975284e-02	-4.149189e-02	-4.826094e-02	3.384525e-03	-2.657426e-20	-1.279485e-20	-3.717644e-20	-3.138307e-20	-5.793369e-21
245.75        	1.393577e+00	6.967887e-01	6.967887e-01	-4.359759e-02	-1.794859e-02	-2.564900e-02	3.850207e-03	-2.607904e-20	-1.257229e-20	-3.656546e-20	-3.085502e-20	-5.710446e-21
246           	1.390957e+00	6.954783e-01	6.954783e-01	3.055520e-03	5.777181e-03	-2.721660e-03	4.249421e-03	-2.559204e-20	-1.233350e-20	-3.581743e-20	-3.024222e-20	-5.575211e-21
246.25        	1.389779e+00	6.948897e-01	6.948897e-01	5.031135e-02	2.973096e-02	2.058039e-02	4.575284e-03	-2.511602e-20	-1.209439e-20	-3.510004e-20	-2.964441e-20	-5.455630e-21
246.5         	1.388884e+00	6.944420e-01	6.944420e-01	9.658917e-02	5.311653e-02	4.347264e-02	4.821946e-03	-2.466301e-20	-1.185497e-20	-3.436613e-20	-2.903804e-20	-5.328090e-21
246.75        	1.388807e+00	6.944035e-01	6.944035e-01	1.409820e-01	7.547566e-02	6.550632e-02	4.984671e-03	-2.424585e-20	-1.162544e-20	-3.359246e-20	-2.842167e-20	-5.170783e-21
247           	1.388767e+00	6.943836e-01	6.943836e-01	1.834401e-01	9.678015e-02	8.665996e-02	5.060096e-03	-2.385752e-20	-1.140070e-20	-3.277007e-20	-2.778574e-20	-4.984334e-21
247.25        	1.390273e+00	6.951367e-01	6.951367e-01	2.218971e-01	1.159949e-01	1.059022e-01	5.046366e-03	-2.352267e-20	-1.120552e-20	-3.205512e-20	-2.723308e-20	-4.822041e-21
247.5         	1.391887e+00	6.959437e-01	6.959437e-01	2.574223e-01	1.336543e-01	1.237679e-01	4.943194e-03	-2.322328e-20	-1.102638e-20	-3.133450e-20	-2.669362e-20	-4.640872e-21
247.75        	1.394135e+00	6.970677e-01	6.970677e-01	2.872471e-01	1.483756e-01	1.388716e-01	4.751989e-03	-2.298730e-20	-1.087661e-20	-3.067247e-20	-2.621285e-20	-4.459626e-21
248           	1.396606e+00	6.983032e-01	6.983032e-01	3.127788e-01	1.608653e-01	1.519135e-01	4.475885e-03	-2.279466e-20	-1.074902e-20	-3.008763e-20	-2.579284e-20	-4.294792e-21
248.25        	1.399551e+00	6.997753e-01	6.997753e-01	3.327494e-01	1.704944e-01	1.622550e-01	4.119742e-03	-2.265795e-20	-1.065273e-20	-2.960062e-20	-2.545304e-20	-4.147584e-21
248.5         	1.401668e+00	7.008342e-01	7.008342e-01	3.459169e-01	1.766485e-01	1.692684e-01	3.690035e-03	-2.258440e-20	-1.057747e-20	-2.911313e-20	-2.513404e-20	-3.979094e-21
248.75        	1.404550e+00	7.022752e-01	7.022752e-01	3.536719e-01	1.800306e-01	1.736413e-01	3.194666e-03	-2.256094e-20	-1.053769e-20	-2.879220e-20	-2.493379e-20	-3.858405e-21
249           	1.406178e+00	7.030888e-01	7.030888e-01	3.552636e-01	1.802747e-01	1.749889e-01	2.642876e-03	-2.258882e-20	-1.050867e-20	-2.849260e-20	-2.475497e-20	-3.737631e-21
249.25        	1.407720e+00	7.038599e-01	7.038599e-01	3.501819e-01	1.771358e-01	1.730461e-01	2.044859e-03	-2.267511e-20	-1.050819e-20	-2.833699e-20	-2.467669e-20	-3.660299e-21
249.5         	1.408755e+00	7.043776e-01	7.043776e-01	3.393610e-01	1.710921e-01	1.682689e-01	1.411602e-03	-2.280994e-20	-1.052637e-20	-2.824425e-20	-2.464849e-20	-3.595761e-21
249.75        	1.409006e+00	7.045030e-01	7.045030e-01	3.228060e-01	1.621576e-01	1.606484e-01	7.546004e-04	-2.299083e-20	-1.056083e-20	-2.826290e-20	-2.469228e-20	-3.570621e-21
250           	1.408282e+00	7.041408e-01	7.041408e-01	3.002285e-01	1.501998e-01	1.500287e-01	8.557153e-05	-2.322270e-20	-1.061000e-20	-2.832903e-20	-2.477451e-20	-3.554516e-21
250.25        	1.407094e+00	7.035468e-01	7.035468e-01	2.726638e-01	1.357481e-01	1.369157e-01	-5.837793e-04	-2.349668e-20	-1.067810e-20	-2.851226e-20	-2.493423e-20	-3.578031e-21
250.5         	1.405033e+00	7.025165e-01	7.025165e-01	2.403290e-01	1.189225e-01	1.214065e-01	-1.241962e-03	-2.381188e-20	-1.075906e-20	-2.874573e-20	-2.513193e-20	-3.613802e-21
250.75        	1.403000e+00	7.014999e-01	7.014999e-01	2.034577e-01	9.985107e-02	1.036066e-01	-1.877772e-03	-2.417079e-20	-1.086876e-20	-2.912609e-20	-2.543180e-20	-3.694288e-21
251           	1.400362e+00	7.001812e-01	7.001812e-01	1.632646e-01	7.915184e-02	8.411280e-02	-2.480476e-03	-2.456004e-20	-1.099359e-20	-2.957332e-20	-2.578025e-20	-3.793073e-21
251.25        	1.397821e+00	6.989106e-01	6.989106e-01	1.201157e-01	5.701797e-02	6.309770e-02	-3.039865e-03	-2.498257e-20	-1.114195e-20	-3.009866e-20	-2.619128e-20	-3.907386e-21
251.5         	1.394916e+00	6.974578e-01	6.974578e-01	7.492493e-02	3.391596e-02	4.100897e-02	-3.546507e-03	-2.542561e-20	-1.130709e-20	-3.067819e-20	-2.664618e-20	-4.032011e-21
251.75        	1.392812e+00	6.964062e-01	6.964062e-01	2.855817e-02	1.028724e-02	1.827094e-02	-3.991849e-03	-2.588835e-20	-1.149705e-20	-3.136025e-20	-2.717717e-20	-4.183076e-21
252           	1.391136e+00	6.955679e-01	6.955679e-01	-1.885030e-02	-1.379341e-02	-5.056896e-03	-4.368254e-03	-2.636701e-20	-1.170823e-20	-3.210329e-20	-2.775988e-20	-4.343414e-21
252.25        	1.389686e+00	6.948428e-01	6.948428e-01	-6.555904e-02	-3.744873e-02	-2.811031e-02	-4.669214e-03	-2.684229e-20	-1.192743e-20	-3.285488e-20	-2.835487e-20	-4.500010e-21
252.5         	1.388895e+00	6.944476e-01	6.944476e-01	-1.113692e-01	-6.057377e-02	-5.079541e-02	-4.889180e-03	-2.731425e-20	-1.215691e-20	-3.363374e-20	-2.897378e-20	-4.659965e-21
252.75        	1.388939e+00	6.944695e-01	6.944695e-01	-1.559902e-01	-8.301893e-02	-7.297125e-02	-5.023844e-03	-2.777895e-20	-1.239415e-20	-3.442955e-20	-2.960893e-20	-4.820627e-21
253           	1.389667e+00	6.948333e-01	6.948333e-01	-1.962481e-01	-1.031944e-01	-9.305371e-02	-5.070335e-03	-2.819963e-20	-1.262514e-20	-3.521941e-20	-3.023484e-20	-4.984563e-21
253.25        	1.390759e+00	6.953796e-01	6.953796e-01	-2.346216e-01	-1.223381e-01	-1.122835e-01	-5.027286e-03	-2.860348e-20	-1.284616e-20	-3.595041e-20	-3.082136e-20	-5.129044e-21
253.5         	1.392992e+00	6.964961e-01	6.964961e-01	-2.675363e-01	-1.386631e-01	-1.288732e-01	-4.894991e-03	-2.895170e-20	-1.305988e-20	-3.667104e-20	-3.139540e-20	-5.275642e-21
253.75        	1.395028e+00	6.975138e-01	6.975138e-01	-2.966305e-01	-1.529906e-01	-1.436399e-01	-4.675378e-03	-2.925645e-20	-1.324644e-20	-3.728118e-20	-3.188703e-20	-5.394156e-21
254           	1.397728e+00	6.988638e-01	6.988638e-01	-3.199286e-01	-1.643365e-01	-1.555921e-01	-4.372186e-03	-2.949697e-20	-1.341425e-20	-3.786517e-20	-3.234683e-20	-5.518334e-21
254.25        	1.400399e+00	7.001995e-01	7.001995e-01	-3.379154e-01	-1.729485e-01	-1.649669e-01	-3.990829e-03	-2.967804e-20	-1.355289e-20	-3.836458e-20	-3.273518e-20	-5.629398e-21
254.5         	1.402779e+00	7.013897e-01	7.013897e-01	-3.497567e-01	-1.784166e-01	-1.713401e-01	-3.538272e-03	-2.978629e-20	-1.366002e-20	-3.876305e-20	-3.304155e-20	-5.721500e-21
254.75        	1.405249e+00	7.026245e-01	7.026245e-01	-3.551649e-01	-1.806053e-01	-1.745596e-01	-3.022885e-03	-2.982157e-20	-1.374019e-20	-3.908642e-20	-3.328340e-20	-5.803024e-21
255           	1.406997e+00	7.034983e-01	7.034983e-01	-3.544691e-01	-1.796888e-01	-1.747803e-01	-2.454268e-03	-2.978241e-20	-1.378747e-20	-3.931710e-20	-3.344602e-20	-5.871075e-21
255.25        	1.408263e+00	7.041314e-01	7.041314e-01	-3.478495e-01	-1.757676e-01	-1.720818e-01	-1.842918e-03	-2.967601e-20	-1.380058e-20	-3.943296e-20	-3.351706e-20	-5.915897e-21
255.5         	1.408810e+00	7.044051e-01	7.044051e-01	-3.346898e-01	-1.685449e-01	-1.661449e-01	-1.200011e-03	-2.949178e-20	-1.378225e-20	-3.946921e-20	-3.351686e-20	-5.952355e-21
255.75        	1.408734e+00	7.043672e-01	7.043672e-01	-3.161059e-01	-1.585901e-01	-1.575158e-01	-5.371868e-04	-2.924561e-20	-1.373578e-20	-3.944110e-20	-3.345633e-20	-5.984770e-21
256           	1.408392e+00	7.041962e-01	7.041962e-01	-2.919841e-01	-1.458582e-01	-1.461259e-01	1.338181e-04	-2.893923e-20	-1.366288e-20	-3.934210e-20	-3.333393e-20	-6.008169e-21
256.25        	1.406954e+00	7.034770e-01	7.034770e-01	-2.626932e-01	-1.305452e-01	-1.321479e-01	8.013544e-04	-2.857498e-20	-1.355675e-20	-3.911471e-20	-3.311411e-20	-6.000602e-21
256.5         	1.405009e+00	7.025045e-01	7.025045e-01	-2.288187e-01	-1.129554e-01	-1.158633e-01	1.453970e-03	-2.816539e-20	-1.342298e-20	-3.882001e-20	-3.283298e-20	-5.987032e-21
256.75        	1.402579e+00	7.012893e-01	7.012893e-01	-1.912540e-01	-9.354638e-02	-9.770764e-02	2.080628e-03	-2.772191e-20	-1.326536e-20	-3.842772e-20	-3.247922e-20	-5.948502e-21
257           	1.399202e+00	6.996010e-01	6.996010e-01	-1.493301e-01	-7.199437e-02	-7.733576e-02	2.670694e-03	-2.723589e-20	-1.307246e-20	-3.791623e-20	-3.203058e-20	-5.885651e-21
257.25        	1.396968e+00	6.984840e-01	6.984840e-01	-1.056461e-01	-4.960881e-02	-5.603729e-02	3.214238e-03	-2.674941e-20	-1.287238e-20	-3.740094e-20	-3.157285e-20	-5.828090e-21
257.5         	1.394221e+00	6.971104e-01	6.971104e-01	-5.979184e-02	-2.619385e-02	-3.359799e-02	3.702072e-03	-2.625045e-20	-1.265254e-20	-3.680445e-20	-3.105476e-20	-5.749687e-21
257.75        	1.392334e+00	6.961670e-01	6.961670e-01	-1.304157e-02	-2.394866e-03	-1.064671e-02	4.125921e-03	-2.576035e-20	-1.241994e-20	-3.611674e-20	-3.047831e-20	-5.638430e-21
258           	1.390588e+00	6.952939e-01	6.952939e-01	3.391112e-02	2.143408e-02	1.247704e-02	4.478520e-03	-2.528151e-20	-1.218048e-20	-3.539502e-20	-2.987799e-20	-5.517033e-21
258.25        	1.389489e+00	6.947444e-01	6.947444e-01	8.077331e-02	4.514033e-02	3.563298e-02	4.753678e-03	-2.481911e-20	-1.194019e-20	-3.462980e-20	-2.925509e-20	-5.374715e-21
258.5         	1.388912e+00	6.944561e-01	6.944561e-01	1.262160e-01	6.805423e-02	5.816182e-02	4.946204e-03	-2.438436e-20	-1.170328e-20	-3.385433e-20	-2.863045e-20	-5.223885e-21
258.75        	1.389059e+00	6.945295e-01	6.945295e-01	1.693842e-01	8.974436e-02	7.963984e-02	5.052259e-03	-2.398604e-20	-1.147793e-20	-3.307233e-20	-2.801410e-20	-5.058229e-21
259           	1.390056e+00	6.950279e-01	6.950279e-01	2.100073e-01	1.100731e-01	9.993424e-02	5.069431e-03	-2.362424e-20	-1.127015e-20	-3.233046e-20	-2.743538e-20	-4.895082e-21
259.25        	1.391836e+00	6.959181e-01	6.959181e-01	2.458254e-01	1.279096e-01	1.179158e-01	4.996911e-03	-2.332247e-20	-1.108869e-20	-3.161853e-20	-2.689795e-20	-4.720577e-21
259.5         	1.393728e+00	6.968640e-01	6.968640e-01	2.781592e-01	1.439151e-01	1.342441e-01	4.835521e-03	-2.305781e-20	-1.092553e-20	-3.092965e-20	-2.639036e-20	-4.539293e-21
259.75        	1.396009e+00	6.980047e-01	6.980047e-01	3.052800e-01	1.572278e-01	1.480522e-01	4.587787e-03	-2.284909e-20	-1.078816e-20	-3.030237e-20	-2.593935e-20	-4.363027e-21
260           	1.398686e+00	6.993432e-01	6.993432e-01	3.268899e-01	1.677030e-01	1.591870e-01	4.258000e-03	-2.269684e-20	-1.068195e-20	-2.974713e-20	-2.555552e-20	-4.191614e-21
260.25        	1.401742e+00	7.008709e-01	7.008709e-01	3.428204e-01	1.752623e-01	1.675581e-01	3.852125e-03	-2.259946e-20	-1.060631e-20	-2.931626e-20	-2.526444e-20	-4.051822e-21
260.5         	1.403507e+00	7.017535e-01	7.017535e-01	3.522124e-01	1.794838e-01	1.727286e-01	3.377611e-03	-2.255850e-20	-1.054517e-20	-2.887572e-20	-2.498303e-20	-3.892687e-21
260.75        	1.405832e+00	7.029160e-01	7.029160e-01	3.558806e-01	1.807836e-01	1.750971e-01	2.843259e-03	-2.256993e-20	-1.051629e-20	-2.858799e-20	-2.481029e-20	-3.777703e-21
261           	1.408076e+00	7.040378e-01	7.040378e-01	3.533683e-01	1.789432e-01	1.744252e-01	2.258992e-03	-2.263635e-20	-1.051135e-20	-2.843148e-20	-2.472709e-20	-3.704395e-21
261.25        	1.408685e+00	7.043424e-01	7.043424e-01	3.446959e-01	1.739836e-01	1.707124e-01	1.635614e-03	-2.274944e-20	-1.051794e-20	-2.828165e-20	-2.465876e-20	-3.622882e-21
261.5         	1.409285e+00	7.046423e-01	7.046423e-01	3.295883e-01	1.657786e-01	1.638097e-01	9.844540e-04	-2.292115e-20	-1.054747e-20	-2.826435e-20	-2.467964e-20	-3.584709e-21
261.75        	1.409119e+00	7.045595e-01	7.045595e-01	3.087351e-01	1.546848e-01	1.540503e-01	3.172268e-04	-2.313955e-20	-1.059566e-20	-2.833065e-20	-2.476098e-20	-3.569665e-21
262           	1.407988e+00	7.039939e-01	7.039939e-01	2.830979e-01	1.411946e-01	1.419032e-01	-3.542983e-04	-2.339587e-20	-1.065511e-20	-2.845340e-20	-2.488181e-20	-3.571589e-21
262.25        	1.406421e+00	7.032106e-01	7.032106e-01	2.523691e-01	1.251660e-01	1.272031e-01	-1.018562e-03	-2.369779e-20	-1.073504e-20	-2.868903e-20	-2.507955e-20	-3.609474e-21
262.5         	1.404140e+00	7.020700e-01	7.020700e-01	2.168270e-01	1.067493e-01	1.100777e-01	-1.664190e-03	-2.404308e-20	-1.083174e-20	-2.900976e-20	-2.533662e-20	-3.673138e-21
262.75        	1.401494e+00	7.007468e-01	7.007468e-01	1.775888e-01	8.651408e-02	9.107467e-02	-2.280299e-03	-2.442196e-20	-1.094964e-20	-2.941787e-20	-2.565857e-20	-3.759296e-21
263           	1.399082e+00	6.995411e-01	6.995411e-01	1.352196e-01	6.475338e-02	7.046625e-02	-2.856432e-03	-2.483654e-20	-1.109311e-20	-2.994674e-20	-2.606648e-20	-3.880263e-21
263.25        	1.396136e+00	6.980680e-01	6.980680e-01	9.060727e-02	4.192076e-02	4.868652e-02	-3.382881e-03	-2.527352e-20	-1.125118e-20	-3.049614e-20	-2.649925e-20	-3.996893e-21
263.5         	1.393949e+00	6.969747e-01	6.969747e-01	4.429429e-02	1.829639e-02	2.599790e-02	-3.850760e-03	-2.573322e-20	-1.143702e-20	-3.116557e-20	-2.701980e-20	-4.145767e-21
263.75        	1.391374e+00	6.956872e-01	6.956872e-01	-2.389802e-03	-5.447003e-03	3.057201e-03	-4.252102e-03	-2.619992e-20	-1.162851e-20	-3.180776e-20	-2.753239e-20	-4.275364e-21
264           	1.390185e+00	6.950924e-01	6.950924e-01	-4.972026e-02	-2.944012e-02	-2.028014e-02	-4.579991e-03	-2.668173e-20	-1.185188e-20	-3.258583e-20	-2.814479e-20	-4.441038e-21
264.25        	1.389199e+00	6.945997e-01	6.945997e-01	-9.620279e-02	-5.292995e-02	-4.327284e-02	-4.828556e-03	-2.715805e-20	-1.208022e-20	-3.338438e-20	-2.877241e-20	-4.611972e-21
264.5         	1.389212e+00	6.946060e-01	6.946060e-01	-1.406505e-01	-7.531828e-02	-6.533221e-02	-4.993032e-03	-2.761973e-20	-1.231670e-20	-3.419075e-20	-2.941207e-20	-4.778676e-21
264.75        	1.389109e+00	6.945547e-01	6.945547e-01	-1.832255e-01	-9.668276e-02	-8.654271e-02	-5.070026e-03	-2.806378e-20	-1.254431e-20	-3.492635e-20	-3.000749e-20	-4.918862e-21
265           	1.390556e+00	6.952779e-01	6.952779e-01	-2.219299e-01	-1.160226e-01	-1.059073e-01	-5.057654e-03	-2.847120e-20	-1.277538e-20	-3.571760e-20	-3.063418e-20	-5.083420e-21
265.25        	1.392209e+00	6.961046e-01	6.961046e-01	-2.574845e-01	-1.336979e-01	-1.237866e-01	-4.955614e-03	-2.884699e-20	-1.299012e-20	-3.642655e-20	-3.120339e-20	-5.223154e-21
265.5         	1.394519e+00	6.972594e-01	6.972594e-01	-2.875768e-01	-1.485537e-01	-1.390231e-01	-4.765298e-03	-2.916353e-20	-1.318768e-20	-3.708788e-20	-3.173162e-20	-5.356264e-21
265.75        	1.396840e+00	6.984198e-01	6.984198e-01	-3.131287e-01	-1.610542e-01	-1.520745e-01	-4.489821e-03	-2.942889e-20	-1.336199e-20	-3.768202e-20	-3.220300e-20	-5.479019e-21
266           	1.399881e+00	6.999405e-01	6.999405e-01	-3.331098e-01	-1.706889e-01	-1.624209e-01	-4.134039e-03	-2.963312e-20	-1.351630e-20	-3.825140e-20	-3.264200e-20	-5.609405e-21
266.25        	1.402001e+00	7.010005e-01	7.010005e-01	-3.464094e-01	-1.769091e-01	-1.695002e-01	-3.704432e-03	-2.975802e-20	-1.362840e-20	-3.862994e-20	-3.294337e-20	-5.686574e-21
266.5         	1.404962e+00	7.024810e-01	7.024810e-01	-3.544090e-01	-1.804134e-01	-1.739956e-01	-3.208904e-03	-2.982431e-20	-1.372360e-20	-3.901421e-20	-3.323070e-20	-5.783510e-21
266.75        	1.406585e+00	7.032925e-01	7.032925e-01	-3.558769e-01	-1.805951e-01	-1.752817e-01	-2.656706e-03	-2.981089e-20	-1.377688e-20	-3.924499e-20	-3.339938e-20	-5.845610e-21
267           	1.408073e+00	7.040363e-01	7.040363e-01	-3.508833e-01	-1.774997e-01	-1.733836e-01	-2.058051e-03	-2.972214e-20	-1.380127e-20	-3.942490e-20	-3.351372e-20	-5.911183e-21
267.25        	1.409150e+00	7.045752e-01	7.045752e-01	-3.401751e-01	-1.715115e-01	-1.686636e-01	-1.423945e-03	-2.956815e-20	-1.379768e-20	-3.950078e-20	-3.354808e-20	-5.952708e-21
267.5         	1.409364e+00	7.046821e-01	7.046821e-01	-3.236133e-01	-1.625726e-01	-1.610407e-01	-7.659133e-04	-2.934493e-20	-1.376194e-20	-3.951027e-20	-3.351707e-20	-5.993191e-21
267.75        	1.408700e+00	7.043498e-01	7.043498e-01	-3.010958e-01	-1.506436e-01	-1.504522e-01	-9.570277e-05	-2.905400e-20	-1.369246e-20	-3.939070e-20	-3.338782e-20	-6.002889e-21
268           	1.407460e+00	7.037299e-01	7.037299e-01	-2.734935e-01	-1.361718e-01	-1.373217e-01	5.749595e-04	-2.870747e-20	-1.359605e-20	-3.920275e-20	-3.319743e-20	-6.005319e-21
268.25        	1.405370e+00	7.026849e-01	7.026849e-01	-2.411534e-01	-1.193421e-01	-1.218112e-01	1.234560e-03	-2.831175e-20	-1.346976e-20	-3.889938e-20	-3.291944e-20	-5.979931e-21
268.5         	1.403349e+00	7.016743e-01	7.016743e-01	-2.043670e-01	-1.003116e-01	-1.040554e-01	1.871870e-03	-2.787427e-20	-1.332024e-20	-3.856614e-20	-3.260331e-20	-5.962835e-21
268.75        	1.400704e+00	7.003520e-01	7.003520e-01	-1.639622e-01	-7.950497e-02	-8.445722e-02	2.476123e-03	-2.740493e-20	-1.314316e-20	-3.813628e-20	-3.221130e-20	-5.924980e-21
269           	1.398154e+00	6.990772e-01	6.990772e-01	-1.208380e-01	-5.738189e-02	-6.345608e-02	3.037091e-03	-2.691934e-20	-1.294774e-20	-3.761573e-20	-3.175561e-20	-5.860123e-21
269.25        	1.395281e+00	6.976405e-01	6.976405e-01	-7.553190e-02	-3.422063e-02	-4.131126e-02	3.545315e-03	-2.642080e-20	-1.272851e-20	-3.700945e-20	-3.123323e-20	-5.776218e-21
269.5         	1.393142e+00	6.965710e-01	6.965710e-01	-2.914161e-02	-1.057859e-02	-1.856302e-02	3.992217e-03	-2.592908e-20	-1.250192e-20	-3.636508e-20	-3.068445e-20	-5.680622e-21
269.75        	1.391406e+00	6.957031e-01	6.957031e-01	1.840822e-02	1.357425e-02	4.833969e-03	4.370141e-03	-2.543841e-20	-1.226403e-20	-3.566787e-20	-3.009796e-20	-5.569910e-21
270           	1.389989e+00	6.949945e-01	6.949945e-01	6.516378e-02	3.725443e-02	2.790934e-02	4.672545e-03	-2.497171e-20	-1.202199e-20	-3.491129e-20	-2.947763e-20	-5.433657e-21
270.25        	1.389186e+00	6.945932e-01	6.945932e-01	1.110869e-01	6.043732e-02	5.064958e-02	4.893869e-03	-2.452811e-20	-1.178288e-20	-3.413616e-20	-2.885096e-20	-5.285200e-21
270.5         	1.389169e+00	6.945845e-01	6.945845e-01	1.558571e-01	8.295833e-02	7.289877e-02	5.029781e-03	-2.410854e-20	-1.155151e-20	-3.335373e-20	-2.822837e-20	-5.125354e-21
270.75        	1.389780e+00	6.948901e-01	6.948901e-01	1.960300e-01	1.030924e-01	9.293759e-02	5.077388e-03	-2.374940e-20	-1.133974e-20	-3.258322e-20	-2.763135e-20	-4.951865e-21
271           	1.390832e+00	6.954162e-01	6.954162e-01	2.346486e-01	1.223596e-01	1.122890e-01	5.035306e-03	-2.341256e-20	-1.114277e-20	-3.183007e-20	-2.705781e-20	-4.772268e-21
271.25        	1.393138e+00	6.965692e-01	6.965692e-01	2.676181e-01	1.387129e-01	1.289052e-01	4.903815e-03	-2.314436e-20	-1.097744e-20	-3.115681e-20	-2.655584e-20	-4.600968e-21
271.5         	1.395249e+00	6.976245e-01	6.976245e-01	2.967990e-01	1.530843e-01	1.437147e-01	4.684837e-03	-2.291371e-20	-1.083156e-20	-3.049581e-20	-2.607946e-20	-4.416349e-21
271.75        	1.398002e+00	6.990008e-01	6.990008e-01	3.202456e-01	1.645049e-01	1.557407e-01	4.382097e-03	-2.274315e-20	-1.071656e-20	-2.993836e-20	-2.568574e-20	-4.252621e-21
272           	1.400632e+00	7.003161e-01	7.003161e-01	3.381024e-01	1.730522e-01	1.650502e-01	4.001003e-03	-2.262657e-20	-1.062811e-20	-2.945042e-20	-2.535331e-20	-4.097103e-21
272.25        	1.403061e+00	7.015304e-01	7.015304e-01	3.502407e-01	1.786689e-01	1.715718e-01	3.548515e-03	-2.256126e-20	-1.056334e-20	-2.903009e-20	-2.507839e-20	-3.951700e-21
272.5         	1.405413e+00	7.027063e-01	7.027063e-01	3.555591e-01	1.808126e-01	1.747465e-01	3.033020e-03	-2.255954e-20	-1.052585e-20	-2.870737e-20	-2.487954e-20	-3.827834e-21
272.75        	1.407187e+00	7.035936e-01	7.035936e-01	3.549979e-01	1.799631e-01	1.750348e-01	2.464129e-03	-2.260585e-20	-1.050668e-20	-2.846072e-20	-2.473704e-20	-3.723679e-21
273           	1.408473e+00	7.042365e-01	7.042365e-01	3.483629e-01	1.760338e-01	1.723291e-01	1.852341e-03	-2.270534e-20	-1.051171e-20	-2.829801e-20	-2.466071e-20	-3.637299e-21
273.25        	1.409052e+00	7.045258e-01	7.045258e-01	3.352486e-01	1.688332e-01	1.664155e-01	1.208852e-03	-2.285881e-20	-1.053397e-20	-2.822822e-20	-2.464808e-20	-3.580139e-21
273.5         	1.408949e+00	7.044747e-01	7.044747e-01	3.167273e-01	1.589090e-01	1.578184e-01	5.453137e-04	-2.305633e-20	-1.057224e-20	-2.826511e-20	-2.470480e-20	-3.560313e-21
273.75        	1.408618e+00	7.043092e-01	7.043092e-01	2.925242e-01	1.461356e-01	1.463886e-01	-1.265145e-04	-2.330376e-20	-1.063473e-20	-2.841335e-20	-2.484141e-20	-3.571947e-21
274           	1.407189e+00	7.035947e-01	7.035947e-01	2.632414e-01	1.308258e-01	1.324157e-01	-7.949637e-04	-2.359271e-20	-1.070791e-20	-2.861060e-20	-2.501321e-20	-3.597391e-21
274.25        	1.405219e+00	7.026093e-01	7.026093e-01	2.293815e-01	1.132422e-01	1.161393e-01	-1.448570e-03	-2.392305e-20	-1.080092e-20	-2.891309e-20	-2.525746e-20	-3.655631e-21
274.5         	1.402831e+00	7.014154e-01	7.014154e-01	1.918147e-01	9.383109e-02	9.798365e-02	-2.076280e-03	-2.428688e-20	-1.091029e-20	-2.928367e-20	-2.555213e-20	-3.731538e-21
274.75        	1.399410e+00	6.997051e-01	6.997051e-01	1.498690e-01	7.226706e-02	7.760194e-02	-2.667443e-03	-2.469127e-20	-1.103489e-20	-2.970820e-20	-2.588899e-20	-3.819211e-21
275           	1.397200e+00	6.986002e-01	6.986002e-01	1.061723e-01	4.987404e-02	5.629825e-02	-3.212104e-03	-2.512051e-20	-1.119558e-20	-3.029029e-20	-2.634072e-20	-3.949568e-21
275.25        	1.394441e+00	6.972207e-01	6.972207e-01	6.028465e-02	2.644126e-02	3.384339e-02	-3.701062e-03	-2.557264e-20	-1.136540e-20	-3.092446e-20	-2.682763e-20	-4.096825e-21
275.5         	1.392500e+00	6.962500e-01	6.962500e-01	1.336851e-02	2.558230e-03	1.081028e-02	-4.126027e-03	-2.604332e-20	-1.156684e-20	-3.160553e-20	-2.736961e-20	-4.235928e-21
275.75        	1.390804e+00	6.954021e-01	6.954021e-01	-3.360080e-02	-2.128011e-02	-1.232069e-02	-4.479713e-03	-2.651809e-20	-1.177849e-20	-3.234815e-20	-2.795257e-20	-4.395587e-21
276           	1.389663e+00	6.948317e-01	6.948317e-01	-8.046325e-02	-4.498754e-02	-3.547571e-02	-4.755918e-03	-2.699791e-20	-1.200329e-20	-3.311071e-20	-2.855864e-20	-4.552071e-21
276.25        	1.389082e+00	6.945408e-01	6.945408e-01	-1.260317e-01	-6.796526e-02	-5.806640e-02	-4.949430e-03	-2.746854e-20	-1.223564e-20	-3.390180e-20	-2.918654e-20	-4.715265e-21
276.5         	1.389225e+00	6.946127e-01	6.946127e-01	-1.692141e-01	-8.966346e-02	-7.955067e-02	-5.056399e-03	-2.791827e-20	-1.246973e-20	-3.468839e-20	-2.981392e-20	-4.874465e-21
276.75        	1.390237e+00	6.951187e-01	6.951187e-01	-2.098673e-01	-1.100081e-01	-9.985927e-02	-5.074392e-03	-2.834564e-20	-1.270312e-20	-3.548337e-20	-3.044481e-20	-5.038565e-21
277           	1.392052e+00	6.960258e-01	6.960258e-01	-2.458352e-01	-1.279202e-01	-1.179150e-01	-5.002599e-03	-2.872599e-20	-1.292508e-20	-3.623217e-20	-3.104117e-20	-5.191003e-21
277.25        	1.393842e+00	6.969211e-01	6.969211e-01	-2.781761e-01	-1.439299e-01	-1.342462e-01	-4.841823e-03	-2.906539e-20	-1.312619e-20	-3.690430e-20	-3.157834e-20	-5.325960e-21
277.5         	1.396130e+00	6.980648e-01	6.980648e-01	-3.054429e-01	-1.573161e-01	-1.481269e-01	-4.594581e-03	-2.934986e-20	-1.330937e-20	-3.751977e-20	-3.206925e-20	-5.450519e-21
277.75        	1.398816e+00	6.994082e-01	6.994082e-01	-3.270426e-01	-1.677865e-01	-1.592561e-01	-4.265161e-03	-2.957226e-20	-1.346725e-20	-3.804858e-20	-3.249155e-20	-5.557037e-21
278           	1.401919e+00	7.009595e-01	7.009595e-01	-3.430196e-01	-1.753693e-01	-1.676503e-01	-3.859519e-03	-2.973102e-20	-1.360196e-20	-3.855613e-20	-3.288002e-20	-5.676110e-21
278.25        	1.403648e+00	7.018241e-01	7.018241e-01	-3.524916e-01	-1.796309e-01	-1.728607e-01	-3.385104e-03	-2.981012e-20	-1.369117e-20	-3.887156e-20	-3.312695e-20	-5.744614e-21
278.5         	1.405971e+00	7.029857e-01	7.029857e-01	-3.561292e-01	-1.809153e-01	-1.752139e-01	-2.850720e-03	-2.982364e-20	-1.376065e-20	-3.916740e-20	-3.334435e-20	-5.823054e-21
278.75        	1.408235e+00	7.041174e-01	7.041174e-01	-3.537177e-01	-1.791251e-01	-1.745926e-01	-2.266294e-03	-2.976841e-20	-1.380551e-20	-3.942789e-20	-3.351946e-20	-5.908436e-21
279           	1.408877e+00	7.044384e-01	7.044384e-01	-3.449633e-01	-1.741243e-01	-1.708390e-01	-1.642640e-03	-2.963375e-20	-1.380322e-20	-3.949951e-20	-3.355297e-20	-5.946540e-21
279.25        	1.409477e+00	7.047385e-01	7.047385e-01	-3.300048e-01	-1.659935e-01	-1.640113e-01	-9.910910e-04	-2.943028e-20	-1.377964e-20	-3.953494e-20	-3.354711e-20	-5.987835e-21
279.5         	1.409284e+00	7.046421e-01	7.046421e-01	-3.091347e-01	-1.548907e-01	-1.542440e-01	-3.233731e-04	-2.915786e-20	-1.372208e-20	-3.947207e-20	-3.345812e-20	-6.013951e-21
279.75        	1.408191e+00	7.040957e-01	7.040957e-01	-2.835133e-01	-1.414079e-01	-1.421054e-01	3.487337e-04	-2.883275e-20	-1.363525e-20	-3.929327e-20	-3.328189e-20	-6.011381e-21
280           	1.406563e+00	7.032814e-01	7.032814e-01	-2.527492e-01	-1.253609e-01	-1.273882e-01	1.013653e-03	-2.845396e-20	-1.352005e-20	-3.904221e-20	-3.304116e-20	-6.001053e-21
280.25        	1.404310e+00	7.021551e-01	7.021551e-01	-2.172633e-01	-1.069717e-01	-1.102917e-01	1.660000e-03	-2.802726e-20	-1.337676e-20	-3.870787e-20	-3.273070e-20	-5.977171e-21
280.5         	1.401629e+00	7.008144e-01	7.008144e-01	-1.780026e-01	-8.672444e-02	-9.127819e-02	2.276874e-03	-2.756562e-20	-1.320593e-20	-3.829439e-20	-3.235313e-20	-5.941262e-21
280.75        	1.399255e+00	6.996276e-01	6.996276e-01	-1.356232e-01	-6.495777e-02	-7.066539e-02	2.853810e-03	-2.708499e-20	-1.301819e-20	-3.783265e-20	-3.193451e-20	-5.898139e-21
281           	1.396290e+00	6.981449e-01	6.981449e-01	-9.101568e-02	-4.212675e-02	-4.888892e-02	3.381086e-03	-2.659017e-20	-1.280427e-20	-3.723622e-20	-3.142238e-20	-5.813840e-21
281.25        	1.394044e+00	6.970219e-01	6.970219e-01	-4.462703e-02	-1.846371e-02	-2.616332e-02	3.849805e-03	-2.609163e-20	-1.258008e-20	-3.661625e-20	-3.088821e-20	-5.728047e-21
281.5         	1.391553e+00	6.957765e-01	6.957765e-01	2.063837e-03	5.283903e-03	-3.220065e-03	4.251984e-03	-2.560449e-20	-1.234277e-20	-3.587620e-20	-3.028087e-20	-5.595335e-21
281.75        	1.390334e+00	6.951672e-01	6.951672e-01	4.939068e-02	2.927604e-02	2.011465e-02	4.580695e-03	-2.512745e-20	-1.210313e-20	-3.515791e-20	-2.968209e-20	-5.475824e-21
282           	1.389303e+00	6.946515e-01	6.946515e-01	9.596437e-02	5.281224e-02	4.315213e-02	4.830058e-03	-2.467120e-20	-1.186098e-20	-3.440099e-20	-2.906147e-20	-5.339520e-21
282.25        	1.389330e+00	6.946649e-01	6.946649e-01	1.404525e-01	7.522153e-02	6.523094e-02	4.995296e-03	-2.425279e-20	-1.163210e-20	-3.364159e-20	-2.845289e-20	-5.188697e-21
282.5         	1.389229e+00	6.946144e-01	6.946144e-01	1.830948e-01	9.662040e-02	8.647441e-02	5.072996e-03	-2.386240e-20	-1.140632e-20	-3.281968e-20	-2.781616e-20	-5.003520e-21
282.75        	1.390654e+00	6.953272e-01	6.953272e-01	2.218518e-01	1.159872e-01	1.058646e-01	5.061267e-03	-2.352455e-20	-1.120913e-20	-3.209497e-20	-2.725662e-20	-4.838352e-21
283           	1.392323e+00	6.961616e-01	6.961616e-01	2.574488e-01	1.336842e-01	1.237646e-01	4.959800e-03	-2.322454e-20	-1.103008e-20	-3.137362e-20	-2.671689e-20	-4.656727e-21
283.25        	1.394659e+00	6.973296e-01	6.973296e-01	2.876725e-01	1.486062e-01	1.390663e-01	4.769977e-03	-2.298488e-20	-1.087945e-20	-3.071173e-20	-2.623531e-20	-4.476416e-21
283.5         	1.396913e+00	6.984565e-01	6.984565e-01	3.131810e-01	1.610854e-01	1.520956e-01	4.494902e-03	-2.279211e-20	-1.075033e-20	-3.010499e-20	-2.580282e-20	-4.302167e-21
283.75        	1.399965e+00	6.999826e-01	6.999826e-01	3.331620e-01	1.707204e-01	1.624416e-01	4.139424e-03	-2.265582e-20	-1.065530e-20	-2.963328e-20	-2.547194e-20	-4.161340e-21
284           	1.402095e+00	7.010475e-01	7.010475e-01	3.465287e-01	1.769744e-01	1.695543e-01	3.710023e-03	-2.258056e-20	-1.057983e-20	-2.913697e-20	-2.514832e-20	-3.988654e-21
284.25        	1.405077e+00	7.025387e-01	7.025387e-01	3.546456e-01	1.805374e-01	1.741082e-01	3.214601e-03	-2.255378e-20	-1.053974e-20	-2.882023e-20	-2.494985e-20	-3.870377e-21
284.5         	1.406700e+00	7.033499e-01	7.033499e-01	3.560656e-01	1.806952e-01	1.753704e-01	2.662406e-03	-2.258350e-20	-1.051134e-20	-2.852385e-20	-2.477327e-20	-3.750583e-21
284.75        	1.408190e+00	7.040949e-01	7.040949e-01	3.511165e-01	1.776219e-01	1.734946e-01	2.063658e-03	-2.266878e-20	-1.050936e-20	-2.835938e-20	-2.468905e-20	-3.670328e-21
285           	1.409274e+00	7.046371e-01	7.046371e-01	3.404565e-01	1.716576e-01	1.687989e-01	1.429365e-03	-2.280214e-20	-1.052816e-20	-2.826382e-20	-2.466007e-20	-3.603749e-21
285.25        	1.409461e+00	7.047303e-01	7.047303e-01	3.239077e-01	1.627249e-01	1.611828e-01	7.710627e-04	-2.298282e-20	-1.056118e-20	-2.827733e-20	-2.469984e-20	-3.577486e-21
285.5         	1.408826e+00	7.044131e-01	7.044131e-01	3.014481e-01	1.508246e-01	1.506235e-01	1.005054e-04	-2.321374e-20	-1.061162e-20	-2.834766e-20	-2.478545e-20	-3.562209e-21
285.75        	1.407591e+00	7.037955e-01	7.037955e-01	2.738005e-01	1.363297e-01	1.374708e-01	-5.705730e-04	-2.348859e-20	-1.067891e-20	-2.852288e-20	-2.494035e-20	-3.582531e-21
286           	1.405495e+00	7.027475e-01	7.027475e-01	2.415664e-01	1.195525e-01	1.220138e-01	-1.230649e-03	-2.380261e-20	-1.075993e-20	-2.875573e-20	-2.513780e-20	-3.617931e-21
286.25        	1.403471e+00	7.017353e-01	7.017353e-01	2.047539e-01	1.005084e-01	1.042454e-01	-1.868484e-03	-2.416074e-20	-1.086903e-20	-2.913625e-20	-2.543716e-20	-3.699093e-21
286.5         	1.400809e+00	7.004045e-01	7.004045e-01	1.642796e-01	7.966649e-02	8.461310e-02	-2.473304e-03	-2.455325e-20	-1.099442e-20	-2.958541e-20	-2.578713e-20	-3.798280e-21
286.75        	1.398266e+00	6.991331e-01	6.991331e-01	1.211850e-01	5.755763e-02	6.362738e-02	-3.034875e-03	-2.497476e-20	-1.114210e-20	-3.010607e-20	-2.619514e-20	-3.910934e-21
287           	1.395398e+00	6.976989e-01	6.976989e-01	7.582939e-02	3.437097e-02	4.145842e-02	-3.543725e-03	-2.541966e-20	-1.130830e-20	-3.069193e-20	-2.665427e-20	-4.037665e-21
287.25        	1.393250e+00	6.966251e-01	6.966251e-01	2.943942e-02	1.072845e-02	1.871098e-02	-3.991265e-03	-2.588269e-20	-1.149836e-20	-3.137236e-20	-2.718454e-20	-4.187822e-21
287.5         	1.391486e+00	6.957432e-01	6.957432e-01	-1.816112e-02	-1.345039e-02	-4.710730e-03	-4.369832e-03	-2.636275e-20	-1.170833e-20	-3.210538e-20	-2.776102e-20	-4.344360e-21
287.75        	1.390069e+00	6.950346e-01	6.950346e-01	-6.492358e-02	-3.713466e-02	-2.778891e-02	-4.672874e-03	-2.683868e-20	-1.192837e-20	-3.286186e-20	-2.835930e-20	-4.502560e-21
288           	1.389270e+00	6.946351e-01	6.946351e-01	-1.109086e-01	-6.034913e-02	-5.055948e-02	-4.894825e-03	-2.731221e-20	-1.215825e-20	-3.365139e-20	-2.898395e-20	-4.667445e-21
288.25        	1.389244e+00	6.946222e-01	6.946222e-01	-1.557072e-01	-8.288495e-02	-7.282227e-02	-5.031343e-03	-2.777856e-20	-1.239547e-20	-3.444240e-20	-2.961667e-20	-4.825733e-21
288.5         	1.389848e+00	6.949239e-01	6.949239e-01	-1.959240e-01	-1.030415e-01	-9.288247e-02	-5.079525e-03	-2.819827e-20	-1.262528e-20	-3.521624e-20	-3.023340e-20	-4.982840e-21
288.75        	1.390880e+00	6.954401e-01	6.954401e-01	-2.345618e-01	-1.223189e-01	-1.122429e-01	-5.037972e-03	-2.860489e-20	-1.284609e-20	-3.595111e-20	-3.082164e-20	-5.129469e-21
289           	1.393157e+00	6.965785e-01	6.965785e-01	-2.677434e-01	-1.387787e-01	-1.289648e-01	-4.906959e-03	-2.895611e-20	-1.306090e-20	-3.667598e-20	-3.139889e-20	-5.277090e-21
289.25        	1.395280e+00	6.976401e-01	6.976401e-01	-2.967626e-01	-1.530697e-01	-1.436929e-01	-4.688401e-03	-2.926012e-20	-1.324895e-20	-3.729767e-20	-3.189778e-20	-5.399883e-21
289.5         	1.398076e+00	6.990378e-01	6.990378e-01	-3.203388e-01	-1.645554e-01	-1.557834e-01	-4.386010e-03	-2.950418e-20	-1.341941e-20	-3.789394e-20	-3.236639e-20	-5.527557e-21
289.75        	1.400708e+00	7.003541e-01	7.003541e-01	-3.380952e-01	-1.730528e-01	-1.650424e-01	-4.005194e-03	-2.968221e-20	-1.355681e-20	-3.838756e-20	-3.275059e-20	-5.636967e-21
290           	1.403138e+00	7.015691e-01	7.015691e-01	-3.503589e-01	-1.787324e-01	-1.716266e-01	-3.552905e-03	-2.979566e-20	-1.366511e-20	-3.878792e-20	-3.305907e-20	-5.728849e-21
290.25        	1.405441e+00	7.027207e-01	7.027207e-01	-3.556606e-01	-1.808678e-01	-1.747928e-01	-3.037531e-03	-2.982895e-20	-1.374351e-20	-3.910156e-20	-3.329429e-20	-5.807269e-21
290.5         	1.407221e+00	7.036104e-01	7.036104e-01	-3.551465e-01	-1.800420e-01	-1.751046e-01	-2.468681e-03	-2.979184e-20	-1.379134e-20	-3.933420e-20	-3.345844e-20	-5.875760e-21
290.75        	1.408545e+00	7.042727e-01	7.042727e-01	-3.485211e-01	-1.761174e-01	-1.724037e-01	-1.856857e-03	-2.968538e-20	-1.380536e-20	-3.945756e-20	-3.353414e-20	-5.923419e-21
291           	1.409125e+00	7.045626e-01	7.045626e-01	-3.354555e-01	-1.689410e-01	-1.665145e-01	-1.213256e-03	-2.950241e-20	-1.378780e-20	-3.949764e-20	-3.353662e-20	-5.961016e-21
291.25        	1.409020e+00	7.045099e-01	7.045099e-01	-3.169220e-01	-1.590105e-01	-1.579115e-01	-5.495333e-04	-2.925652e-20	-1.374098e-20	-3.946517e-20	-3.347356e-20	-5.991610e-21
291.5         	1.408691e+00	7.043455e-01	7.043455e-01	-2.927647e-01	-1.462598e-01	-1.465049e-01	1.225440e-04	-2.894953e-20	-1.366788e-20	-3.936752e-20	-3.335164e-20	-6.015875e-21
291.75        	1.407280e+00	7.036399e-01	7.036399e-01	-2.635077e-01	-1.309625e-01	-1.325451e-01	7.913018e-04	-2.858571e-20	-1.356249e-20	-3.914509e-20	-3.313504e-20	-6.010054e-21
292           	1.405283e+00	7.026414e-01	7.026414e-01	-2.296473e-01	-1.133784e-01	-1.162689e-01	1.445271e-03	-2.817576e-20	-1.342844e-20	-3.884453e-20	-3.285070e-20	-5.993823e-21
292.25        	1.402913e+00	7.014564e-01	7.014564e-01	-1.920902e-01	-9.397169e-02	-9.811847e-02	2.073391e-03	-2.773246e-20	-1.327143e-20	-3.845947e-20	-3.250117e-20	-5.958303e-21
292.5         	1.399479e+00	6.997393e-01	6.997393e-01	-1.501479e-01	-7.240894e-02	-7.773894e-02	2.665000e-03	-2.724582e-20	-1.307828e-20	-3.794595e-20	-3.205125e-20	-5.894697e-21
292.75        	1.397268e+00	6.986342e-01	6.986342e-01	-1.064207e-01	-5.000021e-02	-5.642050e-02	3.210143e-03	-2.675918e-20	-1.287829e-20	-3.742973e-20	-3.159316e-20	-5.836569e-21
293           	1.394515e+00	6.972576e-01	6.972576e-01	-6.052141e-02	-2.656110e-02	-3.396031e-02	3.699605e-03	-2.625933e-20	-1.265780e-20	-3.683152e-20	-3.107356e-20	-5.757955e-21
293.25        	1.392538e+00	6.962691e-01	6.962691e-01	-1.356331e-02	-2.656563e-03	-1.090675e-02	4.125092e-03	-2.576645e-20	-1.242375e-20	-3.614286e-20	-3.049518e-20	-5.647681e-21
293.5         	1.390893e+00	6.954465e-01	6.954465e-01	3.341295e-02	2.118578e-02	1.222717e-02	4.479306e-03	-2.528761e-20	-1.218563e-20	-3.542718e-20	-2.989922e-20	-5.527959e-21
293.75        	1.389710e+00	6.948549e-01	6.948549e-01	8.026188e-02	4.488698e-02	3.537490e-02	4.756039e-03	-2.482486e-20	-1.194451e-20	-3.465815e-20	-2.927358e-20	-5.384567e-21
294           	1.389134e+00	6.945672e-01	6.945672e-01	1.259123e-01	6.790624e-02	5.800610e-02	4.950068e-03	-2.438794e-20	-1.170680e-20	-3.387865e-20	-2.864613e-20	-5.232521e-21
294.25        	1.389274e+00	6.946370e-01	6.946370e-01	1.690556e-01	8.958534e-02	7.947026e-02	5.057541e-03	-2.398988e-20	-1.148155e-20	-3.309575e-20	-2.802943e-20	-5.066324e-21
294.5         	1.390294e+00	6.951471e-01	6.951471e-01	2.097270e-01	1.099395e-01	9.978751e-02	5.076014e-03	-2.362778e-20	-1.127352e-20	-3.235654e-20	-2.745179e-20	-4.904745e-21
294.75        	1.392141e+00	6.960707e-01	6.960707e-01	2.457781e-01	1.278937e-01	1.178844e-01	5.004667e-03	-2.332404e-20	-1.109216e-20	-3.164498e-20	-2.691465e-20	-4.730326e-21
295           	1.393849e+00	6.969244e-01	6.969244e-01	2.781169e-01	1.439028e-01	1.342142e-01	4.844296e-03	-2.305877e-20	-1.092685e-20	-3.094666e-20	-2.640018e-20	-4.546482e-21
295.25        	1.396190e+00	6.980951e-01	6.980951e-01	3.054547e-01	1.573248e-01	1.481299e-01	4.597416e-03	-2.284779e-20	-1.078939e-20	-3.032056e-20	-2.594967e-20	-4.370888e-21
295.5         	1.398841e+00	6.994206e-01	6.994206e-01	3.270042e-01	1.677704e-01	1.592338e-01	4.268304e-03	-2.269638e-20	-1.068312e-20	-2.975752e-20	-2.556188e-20	-4.195644e-21
295.75        	1.401961e+00	7.009806e-01	7.009806e-01	3.430581e-01	1.753919e-01	1.676661e-01	3.862911e-03	-2.259791e-20	-1.060789e-20	-2.933269e-20	-2.527424e-20	-4.058453e-21
296           	1.403658e+00	7.018290e-01	7.018290e-01	3.525704e-01	1.796739e-01	1.728965e-01	3.388682e-03	-2.255586e-20	-1.054549e-20	-2.888385e-20	-2.498741e-20	-3.896440e-21
296.25        	1.406019e+00	7.030095e-01	7.030095e-01	3.562191e-01	1.809640e-01	1.752551e-01	2.854419e-03	-2.256756e-20	-1.051688e-20	-2.859924e-20	-2.481650e-20	-3.782738e-21
296.5         	1.408273e+00	7.041365e-01	7.041365e-01	3.538332e-01	1.791866e-01	1.746465e-01	2.270052e-03	-2.263273e-20	-1.051188e-20	-2.844479e-20	-2.473428e-20	-3.710515e-21
296.75        	1.408934e+00	7.044668e-01	7.044668e-01	3.450641e-01	1.741784e-01	1.708856e-01	1.646392e-03	-2.274755e-20	-1.051875e-20	-2.829419e-20	-2.466585e-20	-3.628343e-21
297           	1.409529e+00	7.047644e-01	7.047644e-01	3.301411e-01	1.660653e-01	1.640758e-01	9.947734e-04	-2.291721e-20	-1.054799e-20	-2.827371e-20	-2.468484e-20	-3.588872e-21
297.25        	1.409342e+00	7.046708e-01	7.046708e-01	3.093062e-01	1.549800e-01	1.543262e-01	3.269273e-04	-2.313521e-20	-1.059572e-20	-2.834099e-20	-2.476621e-20	-3.574779e-21
297.5         	1.408263e+00	7.041315e-01	7.041315e-01	2.837169e-01	1.415131e-01	1.422038e-01	-3.453624e-04	-2.339128e-20	-1.065563e-20	-2.846431e-20	-2.488778e-20	-3.576528e-21
297.75        	1.406596e+00	7.032980e-01	7.032980e-01	2.529391e-01	1.254591e-01	1.274801e-01	-1.010514e-03	-2.369349e-20	-1.073469e-20	-2.869140e-20	-2.508039e-20	-3.611015e-21
298           	1.404364e+00	7.021820e-01	7.021820e-01	2.175158e-01	1.071008e-01	1.104150e-01	-1.657139e-03	-2.403762e-20	-1.083131e-20	-2.901128e-20	-2.533694e-20	-3.674333e-21
298.25        	1.401668e+00	7.008342e-01	7.008342e-01	1.782238e-01	8.683756e-02	9.138623e-02	-2.274332e-03	-2.441671e-20	-1.094882e-20	-2.941624e-20	-2.565694e-20	-3.759297e-21
298.5         	1.399322e+00	6.996609e-01	6.996609e-01	1.358555e-01	6.507613e-02	7.077937e-02	-2.851622e-03	-2.483168e-20	-1.109291e-20	-2.995139e-20	-2.606861e-20	-3.882787e-21
298.75        	1.396348e+00	6.981742e-01	6.981742e-01	9.125863e-02	4.225003e-02	4.900860e-02	-3.379284e-03	-2.526819e-20	-1.125061e-20	-3.049929e-20	-2.650026e-20	-3.999030e-21
299           	1.394063e+00	6.970314e-01	6.970314e-01	4.485028e-02	1.857672e-02	2.627355e-02	-3.848415e-03	-2.572869e-20	-1.143558e-20	-3.116219e-20	-2.701667e-20	-4.145518e-21
299.25        	1.391618e+00	6.958090e-01	6.958090e-01	-1.847267e-03	-5.174656e-03	3.327389e-03	-4.251023e-03	-2.619582e-20	-1.162890e-20	-3.181519e-20	-2.753650e-20	-4.278693e-21
299.5         	1.390392e+00	6.951958e-01	6.951958e-01	-4.915207e-02	-2.915621e-02	-1.999586e-02	-4.580176e-03	-2.667714e-20	-1.185148e-20	-3.258983e-20	-2.814640e-20	-4.443432e-21
299.75        	1.389331e+00	6.946655e-01	6.946655e-01	-9.578102e-02	-5.272050e-02	-4.306052e-02	-4.829989e-03	-2.715501e-20	-1.207952e-20	-3.338101e-20	-2.877003e-20	-4.610979e-21
300           	1.389360e+00	6.946799e-01	6.946799e-01	-1.402824e-01	-7.513689e-02	-6.514554e-02	-4.995675e-03	-2.761710e-20	-1.231630e-20	-3.419344e-20	-2.941302e-20	-4.780423e-21
