Time        	Cd            	Cd(f)         	Cd(r)         	Cl            	Cl(f)         	Cl(r)         	CmPitch       	CmRoll        	CmYaw         	Cs            	Cs(f)         	Cs(r)         
200.25        	1.388681e+00	6.943405e-01	6.943405e-01	2.636642e-01	1.363389e-01	1.273254e-01	4.506751e-03	-2.257614e-20	-1.130153e-20	-3.204469e-20	-2.732387e-20	-4.720816e-21
200.5         	1.389205e+00	6.946026e-01	6.946026e-01	2.888582e-01	1.486823e-01	1.401759e-01	4.253221e-03	-2.238716e-20	-1.117056e-20	-3.253067e-20	-2.743589e-20	-5.094782e-21
200.75        	1.391799e+00	6.958995e-01	6.958995e-01	3.091159e-01	1.584844e-01	1.506315e-01	3.926477e-03	-2.221472e-20	-1.107824e-20	-3.222536e-20	-2.719092e-20	-5.034445e-21
201           	1.394278e+00	6.971390e-01	6.971390e-01	3.230928e-01	1.650784e-01	1.580144e-01	3.532002e-03	-2.210981e-20	-1.100760e-20	-3.183525e-20	-2.692523e-20	-4.910022e-21
201.25        	1.396793e+00	6.983963e-01	6.983963e-01	3.320662e-01	1.691096e-01	1.629566e-01	3.076464e-03	-2.206077e-20	-1.096064e-20	-3.153080e-20	-2.672603e-20	-4.804763e-21
201.5         	1.398519e+00	6.992596e-01	6.992596e-01	3.349300e-01	1.700330e-01	1.648970e-01	2.568041e-03	-2.207524e-20	-1.092763e-20	-3.123306e-20	-2.654416e-20	-4.688902e-21
201.75        	1.400004e+00	7.000020e-01	7.000020e-01	3.317562e-01	1.678940e-01	1.638623e-01	2.015859e-03	-2.215067e-20	-1.091652e-20	-3.103686e-20	-2.643495e-20	-4.601910e-21
202           	1.401269e+00	7.006347e-01	7.006347e-01	3.233151e-01	1.630874e-01	1.602277e-01	1.429847e-03	-2.227608e-20	-1.092607e-20	-3.097706e-20	-2.641460e-20	-4.562463e-21
202.25        	1.401626e+00	7.008129e-01	7.008129e-01	3.090674e-01	1.553542e-01	1.537132e-01	8.205246e-04	-2.245327e-20	-1.094866e-20	-3.096587e-20	-2.643159e-20	-4.534280e-21
202.5         	1.401506e+00	7.007531e-01	7.007531e-01	2.896482e-01	1.450227e-01	1.446255e-01	1.986210e-04	-2.267720e-20	-1.098925e-20	-3.105334e-20	-2.651593e-20	-4.537418e-21
202.75        	1.400498e+00	7.002492e-01	7.002492e-01	2.651181e-01	1.321341e-01	1.329841e-01	-4.249940e-04	-2.294591e-20	-1.104252e-20	-3.119678e-20	-2.664092e-20	-4.555868e-21
203           	1.398970e+00	6.994848e-01	6.994848e-01	2.361642e-01	1.170424e-01	1.191217e-01	-1.039638e-03	-2.325521e-20	-1.111254e-20	-3.142175e-20	-2.682341e-20	-4.598339e-21
203.25        	1.396589e+00	6.982943e-01	6.982943e-01	2.030634e-01	9.989680e-02	1.031666e-01	-1.634900e-03	-2.360183e-20	-1.119355e-20	-3.169723e-20	-2.704216e-20	-4.655065e-21
203.5         	1.394723e+00	6.973613e-01	6.973613e-01	1.663029e-01	8.095067e-02	8.535227e-02	-2.200802e-03	-2.398890e-20	-1.130575e-20	-3.214304e-20	-2.737727e-20	-4.765772e-21
203.75        	1.392077e+00	6.960384e-01	6.960384e-01	1.267489e-01	6.064653e-02	6.610232e-02	-2.727894e-03	-2.440255e-20	-1.142738e-20	-3.259472e-20	-2.772474e-20	-4.869976e-21
204           	1.389448e+00	6.947239e-01	6.947239e-01	8.518929e-02	3.938725e-02	4.580204e-02	-3.207395e-03	-2.483891e-20	-1.156782e-20	-3.311865e-20	-2.812714e-20	-4.991507e-21
204.25        	1.387049e+00	6.935244e-01	6.935244e-01	4.196833e-02	1.735282e-02	2.461551e-02	-3.631345e-03	-2.529756e-20	-1.172726e-20	-3.369599e-20	-2.857525e-20	-5.120741e-21
204.5         	1.384835e+00	6.924176e-01	6.924176e-01	-2.066232e-03	-5.025761e-03	2.959528e-03	-3.992645e-03	-2.576853e-20	-1.190139e-20	-3.431495e-20	-2.905887e-20	-5.256088e-21
204.75        	1.383360e+00	6.916800e-01	6.916800e-01	-4.587709e-02	-2.722369e-02	-1.865339e-02	-4.285149e-03	-2.624076e-20	-1.209412e-20	-3.497554e-20	-2.958189e-20	-5.393656e-21
205           	1.382430e+00	6.912150e-01	6.912150e-01	-8.920679e-02	-4.910708e-02	-4.009971e-02	-4.503685e-03	-2.671216e-20	-1.229794e-20	-3.568476e-20	-3.014032e-20	-5.544439e-21
205.25        	1.382097e+00	6.910484e-01	6.910484e-01	-1.312900e-01	-7.028912e-02	-6.100084e-02	-4.644144e-03	-2.717405e-20	-1.250903e-20	-3.638274e-20	-3.070040e-20	-5.682338e-21
205.5         	1.382233e+00	6.911164e-01	6.911164e-01	-1.703986e-01	-8.990311e-02	-8.049550e-02	-4.703804e-03	-2.760398e-20	-1.271575e-20	-3.706666e-20	-3.124908e-20	-5.817581e-21
205.75        	1.383204e+00	6.916019e-01	6.916019e-01	-2.072145e-01	-1.082884e-01	-9.892612e-02	-4.681135e-03	-2.801132e-20	-1.292080e-20	-3.772707e-20	-3.178434e-20	-5.942731e-21
206           	1.384364e+00	6.921821e-01	6.921821e-01	-2.402439e-01	-1.246981e-01	-1.155457e-01	-4.576206e-03	-2.837455e-20	-1.311048e-20	-3.832940e-20	-3.227518e-20	-6.054225e-21
206.25        	1.386340e+00	6.931698e-01	6.931698e-01	-2.688337e-01	-1.388074e-01	-1.300263e-01	-4.390570e-03	-2.868770e-20	-1.329214e-20	-3.892573e-20	-3.275500e-20	-6.170727e-21
206.5         	1.388647e+00	6.943236e-01	6.943236e-01	-2.933348e-01	-1.507946e-01	-1.425401e-01	-4.127254e-03	-2.895280e-20	-1.345491e-20	-3.946888e-20	-3.318935e-20	-6.279529e-21
206.75        	1.390747e+00	6.953733e-01	6.953733e-01	-3.116626e-01	-1.596222e-01	-1.520404e-01	-3.790909e-03	-2.914163e-20	-1.358672e-20	-3.990580e-20	-3.353962e-20	-6.366176e-21
207           	1.393199e+00	6.965994e-01	6.965994e-01	-3.251826e-01	-1.659787e-01	-1.592039e-01	-3.387404e-03	-2.927399e-20	-1.369946e-20	-4.031693e-20	-3.385793e-20	-6.459001e-21
207.25        	1.395314e+00	6.976570e-01	6.976570e-01	-3.328266e-01	-1.693374e-01	-1.634892e-01	-2.924091e-03	-2.933318e-20	-1.378236e-20	-4.063941e-20	-3.410207e-20	-6.537344e-21
207.5         	1.397273e+00	6.986363e-01	6.986363e-01	-3.349488e-01	-1.698838e-01	-1.650651e-01	-2.409352e-03	-2.932478e-20	-1.383914e-20	-4.090704e-20	-3.429266e-20	-6.614375e-21
207.75        	1.398821e+00	6.994106e-01	6.994106e-01	-3.310345e-01	-1.673698e-01	-1.636647e-01	-1.852523e-03	-2.924145e-20	-1.387026e-20	-4.112451e-20	-3.443251e-20	-6.691999e-21
208           	1.399503e+00	6.997514e-01	6.997514e-01	-3.216176e-01	-1.620724e-01	-1.595452e-01	-1.263614e-03	-2.908975e-20	-1.386693e-20	-4.121027e-20	-3.447207e-20	-6.738200e-21
208.25        	1.399432e+00	6.997160e-01	6.997160e-01	-3.065996e-01	-1.539529e-01	-1.526467e-01	-6.530791e-04	-2.886949e-20	-1.383579e-20	-4.122245e-20	-3.444701e-20	-6.775439e-21
208.5         	1.399515e+00	6.997573e-01	6.997573e-01	-2.862759e-01	-1.431696e-01	-1.431063e-01	-3.162697e-05	-2.858926e-20	-1.378708e-20	-4.121603e-20	-3.439510e-20	-6.820930e-21
208.75        	1.398318e+00	6.991588e-01	6.991588e-01	-2.608841e-01	-1.298521e-01	-1.310320e-01	5.899778e-04	-2.824748e-20	-1.370361e-20	-4.105997e-20	-3.423360e-20	-6.826374e-21
209           	1.396334e+00	6.981672e-01	6.981672e-01	-2.313985e-01	-1.144981e-01	-1.169004e-01	1.201183e-03	-2.786056e-20	-1.359581e-20	-4.080984e-20	-3.400074e-20	-6.809106e-21
209.25        	1.394620e+00	6.973099e-01	6.973099e-01	-1.976858e-01	-9.705121e-02	-1.006346e-01	1.791706e-03	-2.743270e-20	-1.346967e-20	-4.052522e-20	-3.373228e-20	-6.792937e-21
209.5         	1.391890e+00	6.959449e-01	6.959449e-01	-1.605170e-01	-7.790681e-02	-8.261015e-02	2.351672e-03	-2.697039e-20	-1.331503e-20	-4.010241e-20	-3.336624e-20	-6.736172e-21
209.75        	1.389536e+00	6.947681e-01	6.947681e-01	-1.204941e-01	-5.737530e-02	-6.311878e-02	2.871738e-03	-2.648718e-20	-1.314572e-20	-3.964001e-20	-3.296572e-20	-6.674290e-21
210           	1.387083e+00	6.935415e-01	6.935415e-01	-7.842211e-02	-3.586784e-02	-4.255427e-02	3.343216e-03	-2.599245e-20	-1.295848e-20	-3.909112e-20	-3.250404e-20	-6.587076e-21
210.25        	1.384830e+00	6.924149e-01	6.924149e-01	-3.507271e-02	-1.377809e-02	-2.129463e-02	3.758271e-03	-2.549957e-20	-1.275749e-20	-3.845173e-20	-3.198335e-20	-6.468378e-21
210.5         	1.382772e+00	6.913860e-01	6.913860e-01	9.405170e-03	8.812414e-03	5.927559e-04	4.109829e-03	-2.500705e-20	-1.254383e-20	-3.775354e-20	-3.142060e-20	-6.332947e-21
210.75        	1.381605e+00	6.908024e-01	6.908024e-01	5.328942e-02	3.103658e-02	2.225284e-02	4.391872e-03	-2.453674e-20	-1.233079e-20	-3.702550e-20	-3.084354e-20	-6.181955e-21
211           	1.380720e+00	6.903600e-01	6.903600e-01	9.691778e-02	5.305814e-02	4.385964e-02	4.599250e-03	-2.408269e-20	-1.211492e-20	-3.627258e-20	-3.025121e-20	-6.021366e-21
211.25        	1.380533e+00	6.902663e-01	6.902663e-01	1.387562e-01	7.410611e-02	6.465008e-02	4.728016e-03	-2.366168e-20	-1.190474e-20	-3.549715e-20	-2.965331e-20	-5.843840e-21
211.5         	1.381213e+00	6.906067e-01	6.906067e-01	1.781255e-01	9.383826e-02	8.428729e-02	4.775488e-03	-2.328023e-20	-1.171063e-20	-3.475763e-20	-2.908945e-20	-5.668180e-21
211.75        	1.382143e+00	6.910714e-01	6.910714e-01	2.146489e-01	1.120648e-01	1.025841e-01	4.740310e-03	-2.293751e-20	-1.152822e-20	-3.398873e-20	-2.852259e-20	-5.466141e-21
212           	1.383534e+00	6.917672e-01	6.917672e-01	2.473487e-01	1.282970e-01	1.190517e-01	4.622652e-03	-2.264256e-20	-1.136441e-20	-3.328209e-20	-2.800546e-20	-5.276629e-21
212.25        	1.385835e+00	6.929176e-01	6.929176e-01	2.759049e-01	1.423766e-01	1.335283e-01	4.424168e-03	-2.239849e-20	-1.122662e-20	-3.266148e-20	-2.755736e-20	-5.104124e-21
212.5         	1.388210e+00	6.941052e-01	6.941052e-01	2.998425e-01	1.540693e-01	1.457732e-01	4.148070e-03	-2.220443e-20	-1.111092e-20	-3.211562e-20	-2.716873e-20	-4.946895e-21
212.75        	1.390827e+00	6.954135e-01	6.954135e-01	3.181085e-01	1.628533e-01	1.552552e-01	3.799085e-03	-2.207215e-20	-1.102306e-20	-3.163950e-20	-2.684281e-20	-4.796689e-21
213           	1.393493e+00	6.967464e-01	6.967464e-01	3.312652e-01	1.690159e-01	1.622493e-01	3.383276e-03	-2.199053e-20	-1.095754e-20	-3.128020e-20	-2.659764e-20	-4.682556e-21
213.25        	1.395585e+00	6.977927e-01	6.977927e-01	3.382326e-01	1.720244e-01	1.662082e-01	2.908118e-03	-2.196932e-20	-1.091062e-20	-3.098137e-20	-2.640130e-20	-4.580070e-21
213.5         	1.397549e+00	6.987743e-01	6.987743e-01	3.396640e-01	1.722141e-01	1.674499e-01	2.382093e-03	-2.200037e-20	-1.088703e-20	-3.078669e-20	-2.628037e-20	-4.506316e-21
213.75        	1.399112e+00	6.995559e-01	6.995559e-01	3.352980e-01	1.694636e-01	1.658344e-01	1.814643e-03	-2.208487e-20	-1.088272e-20	-3.069339e-20	-2.622941e-20	-4.463977e-21
214           	1.400024e+00	7.000119e-01	7.000119e-01	3.250112e-01	1.637215e-01	1.612897e-01	1.215918e-03	-2.222375e-20	-1.089493e-20	-3.067660e-20	-2.623323e-20	-4.443369e-21
214.25        	1.400180e+00	7.000902e-01	7.000902e-01	3.094164e-01	1.553046e-01	1.541118e-01	5.964294e-04	-2.240988e-20	-1.092124e-20	-3.072992e-20	-2.628620e-20	-4.443719e-21
214.5         	1.399698e+00	6.998492e-01	6.998492e-01	2.884089e-01	1.441714e-01	1.442374e-01	-3.301230e-05	-2.264461e-20	-1.096311e-20	-3.085539e-20	-2.639081e-20	-4.464584e-21
214.75        	1.398746e+00	6.993731e-01	6.993731e-01	2.622754e-01	1.304761e-01	1.317993e-01	-6.616025e-04	-2.292818e-20	-1.102321e-20	-3.107122e-20	-2.655882e-20	-4.512401e-21
215           	1.397085e+00	6.985426e-01	6.985426e-01	2.320760e-01	1.147593e-01	1.173167e-01	-1.278743e-03	-2.324814e-20	-1.109663e-20	-3.134266e-20	-2.676797e-20	-4.574700e-21
215.25        	1.394967e+00	6.974835e-01	6.974835e-01	1.974355e-01	9.684368e-02	1.005919e-01	-1.874093e-03	-2.361237e-20	-1.118847e-20	-3.168586e-20	-2.703140e-20	-4.654463e-21
215.5         	1.392438e+00	6.962188e-01	6.962188e-01	1.597218e-01	7.742309e-02	8.229868e-02	-2.437794e-03	-2.400683e-20	-1.129552e-20	-3.207809e-20	-2.733456e-20	-4.743523e-21
215.75        	1.390009e+00	6.950045e-01	6.950045e-01	1.188266e-01	5.645288e-02	6.237373e-02	-2.960424e-03	-2.443673e-20	-1.142701e-20	-3.256880e-20	-2.771141e-20	-4.857390e-21
216           	1.387655e+00	6.938277e-01	6.938277e-01	7.600537e-02	3.456936e-02	4.143601e-02	-3.433325e-03	-2.488993e-20	-1.157710e-20	-3.311121e-20	-2.813271e-20	-4.978501e-21
216.25        	1.385513e+00	6.927566e-01	6.927566e-01	3.222880e-02	1.226574e-02	1.996306e-02	-3.848657e-03	-2.535799e-20	-1.174574e-20	-3.368897e-20	-2.859022e-20	-5.098742e-21
216.5         	1.383493e+00	6.917464e-01	6.917464e-01	-1.309748e-02	-1.074803e-02	-2.349448e-03	-4.199290e-03	-2.584662e-20	-1.193011e-20	-3.431796e-20	-2.908908e-20	-5.228872e-21
216.75        	1.382398e+00	6.911990e-01	6.911990e-01	-5.758379e-02	-3.327114e-02	-2.431265e-02	-4.479244e-03	-2.633036e-20	-1.213356e-20	-3.498056e-20	-2.962384e-20	-5.356719e-21
217           	1.381568e+00	6.907840e-01	6.907840e-01	-1.015615e-01	-5.546413e-02	-4.609741e-02	-4.683360e-03	-2.681259e-20	-1.234324e-20	-3.566090e-20	-3.017368e-20	-5.487211e-21
217.25        	1.381510e+00	6.907549e-01	6.907549e-01	-1.439085e-01	-7.676194e-02	-6.714655e-02	-4.807695e-03	-2.728049e-20	-1.256137e-20	-3.635681e-20	-3.073978e-20	-5.617031e-21
217.5         	1.382233e+00	6.911167e-01	6.911167e-01	-1.834871e-01	-9.659321e-02	-8.689393e-02	-4.849641e-03	-2.772058e-20	-1.277814e-20	-3.704906e-20	-3.130267e-20	-5.746391e-21
217.75        	1.383390e+00	6.916951e-01	6.916951e-01	-2.202868e-01	-1.149513e-01	-1.053355e-01	-4.807877e-03	-2.812993e-20	-1.298664e-20	-3.769846e-20	-3.183587e-20	-5.862590e-21
218           	1.385086e+00	6.925431e-01	6.925431e-01	-2.530097e-01	-1.311875e-01	-1.218222e-01	-4.682680e-03	-2.849266e-20	-1.318283e-20	-3.832364e-20	-3.234465e-20	-5.978984e-21
218.25        	1.387515e+00	6.937577e-01	6.937577e-01	-2.816470e-01	-1.452993e-01	-1.363477e-01	-4.475806e-03	-2.880944e-20	-1.336871e-20	-3.893710e-20	-3.283726e-20	-6.099842e-21
218.5         	1.389900e+00	6.949501e-01	6.949501e-01	-3.053539e-01	-1.568676e-01	-1.484863e-01	-4.190627e-03	-2.906524e-20	-1.352906e-20	-3.948612e-20	-3.327212e-20	-6.214002e-21
218.75        	1.392592e+00	6.962958e-01	6.962958e-01	-3.233049e-01	-1.654845e-01	-1.578204e-01	-3.832024e-03	-2.925288e-20	-1.366392e-20	-3.995865e-20	-3.364324e-20	-6.315410e-21
219           	1.395175e+00	6.975877e-01	6.975877e-01	-3.361180e-01	-1.714653e-01	-1.646528e-01	-3.406237e-03	-2.937724e-20	-1.377370e-20	-4.039117e-20	-3.396929e-20	-6.421883e-21
219.25        	1.397293e+00	6.986465e-01	6.986465e-01	-3.428035e-01	-1.743227e-01	-1.684808e-01	-2.920921e-03	-2.942502e-20	-1.385176e-20	-4.072408e-20	-3.421380e-20	-6.510281e-21
219.5         	1.399432e+00	6.997161e-01	6.997161e-01	-3.436954e-01	-1.742325e-01	-1.694629e-01	-2.384776e-03	-2.940211e-20	-1.390590e-20	-4.103397e-20	-3.442289e-20	-6.611086e-21
219.75        	1.400980e+00	7.004901e-01	7.004901e-01	-3.387207e-01	-1.711678e-01	-1.675529e-01	-1.807432e-03	-2.930616e-20	-1.393013e-20	-4.124200e-20	-3.455112e-20	-6.690874e-21
220           	1.401768e+00	7.008838e-01	7.008838e-01	-3.278941e-01	-1.651462e-01	-1.627478e-01	-1.199204e-03	-2.913749e-20	-1.392371e-20	-4.135222e-20	-3.459982e-20	-6.752400e-21
220.25        	1.402122e+00	7.010609e-01	7.010609e-01	-3.115095e-01	-1.563256e-01	-1.551839e-01	-5.708044e-04	-2.890259e-20	-1.389255e-20	-4.140708e-20	-3.459609e-20	-6.810992e-21
220.5         	1.401561e+00	7.007807e-01	7.007807e-01	-2.898498e-01	-1.448581e-01	-1.449917e-01	6.681267e-05	-2.860362e-20	-1.383088e-20	-4.134417e-20	-3.450296e-20	-6.841205e-21
220.75        	1.400378e+00	7.001890e-01	7.001890e-01	-2.630701e-01	-1.308323e-01	-1.322378e-01	7.027141e-04	-2.824630e-20	-1.374330e-20	-4.119377e-20	-3.434018e-20	-6.853584e-21
221           	1.398854e+00	6.994270e-01	6.994270e-01	-2.320313e-01	-1.146895e-01	-1.173418e-01	1.326164e-03	-2.784393e-20	-1.363285e-20	-4.097146e-20	-3.411858e-20	-6.852879e-21
221.25        	1.396508e+00	6.982538e-01	6.982538e-01	-1.965816e-01	-9.636406e-02	-1.002175e-01	1.926733e-03	-2.739446e-20	-1.349463e-20	-4.062769e-20	-3.380847e-20	-6.819216e-21
221.5         	1.393782e+00	6.968910e-01	6.968910e-01	-1.580762e-01	-7.654363e-02	-8.153260e-02	2.494483e-03	-2.691855e-20	-1.333380e-20	-4.018412e-20	-3.342586e-20	-6.758259e-21
221.75        	1.391289e+00	6.956444e-01	6.956444e-01	-1.166123e-01	-5.528623e-02	-6.132610e-02	3.019935e-03	-2.642088e-20	-1.315637e-20	-3.969126e-20	-3.300199e-20	-6.689264e-21
222           	1.389193e+00	6.945966e-01	6.945966e-01	-7.337883e-02	-3.319502e-02	-4.018381e-02	3.494394e-03	-2.591833e-20	-1.296610e-20	-3.912958e-20	-3.253089e-20	-6.598692e-21
222.25        	1.386865e+00	6.934323e-01	6.934323e-01	-2.878306e-02	-1.048158e-02	-1.830148e-02	3.909947e-03	-2.541433e-20	-1.275681e-20	-3.845547e-20	-3.198455e-20	-6.470925e-21
222.5         	1.385136e+00	6.925680e-01	6.925680e-01	1.677085e-02	1.264496e-02	4.125892e-03	4.259532e-03	-2.491477e-20	-1.253892e-20	-3.774777e-20	-3.141280e-20	-6.334964e-21
222.75        	1.383826e+00	6.919132e-01	6.919132e-01	6.200208e-02	3.553813e-02	2.646394e-02	4.537097e-03	-2.443313e-20	-1.231750e-20	-3.698462e-20	-3.080981e-20	-6.174807e-21
223           	1.383012e+00	6.915058e-01	6.915058e-01	1.063407e-01	5.790792e-02	4.843276e-02	4.737580e-03	-2.397554e-20	-1.209633e-20	-3.619855e-20	-3.019560e-20	-6.002947e-21
223.25        	1.383116e+00	6.915582e-01	6.915582e-01	1.488413e-01	7.927774e-02	6.956357e-02	4.857084e-03	-2.355196e-20	-1.188470e-20	-3.542029e-20	-2.959485e-20	-5.825447e-21
223.5         	1.383860e+00	6.919299e-01	6.919299e-01	1.885545e-01	9.917035e-02	8.938418e-02	4.893084e-03	-2.317139e-20	-1.168884e-20	-3.465898e-20	-2.901833e-20	-5.640647e-21
223.75        	1.384982e+00	6.924908e-01	6.924908e-01	2.255631e-01	1.176259e-01	1.079372e-01	4.844373e-03	-2.282750e-20	-1.150491e-20	-3.389968e-20	-2.845475e-20	-5.444931e-21
224           	1.386881e+00	6.934404e-01	6.934404e-01	2.581216e-01	1.337723e-01	1.243494e-01	4.711429e-03	-2.253911e-20	-1.134627e-20	-3.321119e-20	-2.795186e-20	-5.259327e-21
224.25        	1.389143e+00	6.945715e-01	6.945715e-01	2.864379e-01	1.477151e-01	1.387228e-01	4.496155e-03	-2.230033e-20	-1.120959e-20	-3.258517e-20	-2.750217e-20	-5.082992e-21
224.5         	1.391790e+00	6.958952e-01	6.958952e-01	3.096473e-01	1.590258e-01	1.506215e-01	4.202116e-03	-2.211721e-20	-1.109979e-20	-3.207007e-20	-2.713482e-20	-4.935245e-21
224.75        	1.394504e+00	6.972518e-01	6.972518e-01	3.274257e-01	1.675472e-01	1.598785e-01	3.834372e-03	-2.199238e-20	-1.101531e-20	-3.161775e-20	-2.682419e-20	-4.793562e-21
225           	1.396832e+00	6.984162e-01	6.984162e-01	3.395983e-01	1.731986e-01	1.663997e-01	3.399434e-03	-2.192122e-20	-1.095086e-20	-3.123895e-20	-2.657033e-20	-4.668618e-21
225.25        	1.399162e+00	6.995811e-01	6.995811e-01	3.458624e-01	1.758363e-01	1.700261e-01	2.905114e-03	-2.190855e-20	-1.091123e-20	-3.098883e-20	-2.640565e-20	-4.583186e-21
225.5         	1.401024e+00	7.005120e-01	7.005120e-01	3.460973e-01	1.754090e-01	1.706883e-01	2.360380e-03	-2.195210e-20	-1.089084e-20	-3.082425e-20	-2.630297e-20	-4.521281e-21
225.75        	1.402532e+00	7.012662e-01	7.012662e-01	3.404824e-01	1.720163e-01	1.684662e-01	1.775032e-03	-2.204960e-20	-1.089082e-20	-3.075408e-20	-2.626786e-20	-4.486216e-21
226           	1.403309e+00	7.016545e-01	7.016545e-01	3.288312e-01	1.655752e-01	1.632560e-01	1.159557e-03	-2.220217e-20	-1.090801e-20	-3.075349e-20	-2.628476e-20	-4.468734e-21
226.25        	1.403481e+00	7.017404e-01	7.017404e-01	3.117827e-01	1.564161e-01	1.553665e-01	5.248077e-04	-2.240355e-20	-1.094050e-20	-3.084973e-20	-2.636537e-20	-4.484364e-21
226.5         	1.402849e+00	7.014244e-01	7.014244e-01	2.893654e-01	1.445646e-01	1.448008e-01	-1.181265e-04	-2.265225e-20	-1.098716e-20	-3.099855e-20	-2.648644e-20	-4.512115e-21
226.75        	1.401671e+00	7.008356e-01	7.008356e-01	2.619531e-01	1.302183e-01	1.317348e-01	-7.582467e-04	-2.294801e-20	-1.105030e-20	-3.123199e-20	-2.666630e-20	-4.565694e-21
227           	1.399921e+00	6.999605e-01	6.999605e-01	2.300701e-01	1.136503e-01	1.164198e-01	-1.384716e-03	-2.328601e-20	-1.113069e-20	-3.154166e-20	-2.690152e-20	-4.640136e-21
227.25        	1.397558e+00	6.987791e-01	6.987791e-01	1.941766e-01	9.510120e-02	9.907541e-02	-1.987101e-03	-2.366228e-20	-1.122504e-20	-3.189082e-20	-2.717045e-20	-4.720366e-21
227.5         	1.394815e+00	6.974076e-01	6.974076e-01	1.546541e-01	7.477169e-02	7.988244e-02	-2.555373e-03	-2.407602e-20	-1.133866e-20	-3.231027e-20	-2.749379e-20	-4.816478e-21
227.75        	1.392346e+00	6.961729e-01	6.961729e-01	1.129549e-01	5.339731e-02	5.955759e-02	-3.080140e-03	-2.451469e-20	-1.147476e-20	-3.281100e-20	-2.788026e-20	-4.930739e-21
228           	1.389883e+00	6.949413e-01	6.949413e-01	6.915950e-02	3.102710e-02	3.813240e-02	-3.552653e-03	-2.497942e-20	-1.162982e-20	-3.336088e-20	-2.831026e-20	-5.050621e-21
228.25        	1.387560e+00	6.937799e-01	6.937799e-01	2.419158e-02	8.130715e-03	1.606087e-02	-3.965075e-03	-2.546113e-20	-1.180295e-20	-3.394562e-20	-2.877576e-20	-5.169863e-21
228.5         	1.386072e+00	6.930359e-01	6.930359e-01	-2.129300e-02	-1.495691e-02	-6.336090e-03	-4.310408e-03	-2.595362e-20	-1.199961e-20	-3.461015e-20	-2.930469e-20	-5.305465e-21
228.75        	1.384727e+00	6.923634e-01	6.923634e-01	-6.689082e-02	-3.802803e-02	-2.886279e-02	-4.582621e-03	-2.645049e-20	-1.220484e-20	-3.527700e-20	-2.984334e-20	-5.433659e-21
229           	1.384046e+00	6.920232e-01	6.920232e-01	-1.114127e-01	-6.048309e-02	-5.092957e-02	-4.776760e-03	-2.694028e-20	-1.242023e-20	-3.597025e-20	-3.040536e-20	-5.564892e-21
229.25        	1.384098e+00	6.920491e-01	6.920491e-01	-1.536183e-01	-8.169823e-02	-7.192007e-02	-4.889078e-03	-2.740693e-20	-1.264044e-20	-3.667837e-20	-3.097963e-20	-5.698743e-21
229.5         	1.384991e+00	6.924953e-01	6.924953e-01	-1.936693e-01	-1.017517e-01	-9.191753e-02	-4.917101e-03	-2.785324e-20	-1.286088e-20	-3.739139e-20	-3.155657e-20	-5.834819e-21
229.75        	1.386199e+00	6.930994e-01	6.930994e-01	-2.304922e-01	-1.201060e-01	-1.103863e-01	-4.859859e-03	-2.826351e-20	-1.306907e-20	-3.804594e-20	-3.209204e-20	-5.953898e-21
230           	1.388447e+00	6.942237e-01	6.942237e-01	-2.627363e-01	-1.360861e-01	-1.266502e-01	-4.717977e-03	-2.862254e-20	-1.327168e-20	-3.870523e-20	-3.262430e-20	-6.080929e-21
230.25        	1.390319e+00	6.951595e-01	6.951595e-01	-2.906746e-01	-1.498308e-01	-1.408438e-01	-4.493545e-03	-2.892790e-20	-1.344456e-20	-3.925931e-20	-3.307422e-20	-6.185091e-21
230.5         	1.393069e+00	6.965344e-01	6.965344e-01	-3.133437e-01	-1.608622e-01	-1.524815e-01	-4.190322e-03	-2.917215e-20	-1.360333e-20	-3.982379e-20	-3.351523e-20	-6.308566e-21
230.75        	1.395727e+00	6.978635e-01	6.978635e-01	-3.306896e-01	-1.691584e-01	-1.615312e-01	-3.813562e-03	-2.935182e-20	-1.373412e-20	-4.030789e-20	-3.388806e-20	-6.419826e-21
231           	1.398021e+00	6.990105e-01	6.990105e-01	-3.423970e-01	-1.745685e-01	-1.678285e-01	-3.369984e-03	-2.946087e-20	-1.383378e-20	-4.069504e-20	-3.418130e-20	-6.513742e-21
231.25        	1.400489e+00	7.002444e-01	7.002444e-01	-3.479006e-01	-1.768179e-01	-1.710827e-01	-2.867603e-03	-2.949496e-20	-1.391035e-20	-4.106306e-20	-3.444188e-20	-6.621178e-21
231.5         	1.402386e+00	7.011928e-01	7.011928e-01	-3.474258e-01	-1.760284e-01	-1.713974e-01	-2.315530e-03	-2.945391e-20	-1.395573e-20	-4.134463e-20	-3.462805e-20	-6.716581e-21
231.75        	1.403552e+00	7.017758e-01	7.017758e-01	-3.412205e-01	-1.723340e-01	-1.688865e-01	-1.723717e-03	-2.934102e-20	-1.396963e-20	-4.151325e-20	-3.472626e-20	-6.786993e-21
232           	1.404204e+00	7.021020e-01	7.021020e-01	-3.289283e-01	-1.655669e-01	-1.633614e-01	-1.102770e-03	-2.915366e-20	-1.395650e-20	-4.160965e-20	-3.476132e-20	-6.848328e-21
232.25        	1.404463e+00	7.022315e-01	7.022315e-01	-3.109908e-01	-1.559590e-01	-1.550317e-01	-4.636553e-04	-2.889954e-20	-1.391863e-20	-4.166056e-20	-3.474891e-20	-6.911648e-21
232.5         	1.403557e+00	7.017783e-01	7.017783e-01	-2.879456e-01	-1.437903e-01	-1.441553e-01	1.824960e-04	-2.858315e-20	-1.384788e-20	-4.156349e-20	-3.462963e-20	-6.933863e-21
232.75        	1.402318e+00	7.011592e-01	7.011592e-01	-2.599534e-01	-1.291521e-01	-1.308013e-01	8.246303e-04	-2.821223e-20	-1.375461e-20	-4.139809e-20	-3.445366e-20	-6.944433e-21
233           	1.400515e+00	7.002577e-01	7.002577e-01	-2.273900e-01	-1.122431e-01	-1.151469e-01	1.451878e-03	-2.779171e-20	-1.363586e-20	-4.114785e-20	-3.420979e-20	-6.938062e-21
233.25        	1.397972e+00	6.989860e-01	6.989860e-01	-1.911284e-01	-9.351035e-02	-9.761801e-02	2.053830e-03	-2.733403e-20	-1.349129e-20	-4.077258e-20	-3.387758e-20	-6.895002e-21
233.5         	1.395731e+00	6.978656e-01	6.978656e-01	-1.510745e-01	-7.291679e-02	-7.815768e-02	2.620443e-03	-2.684389e-20	-1.332824e-20	-4.036537e-20	-3.351093e-20	-6.854443e-21
233.75        	1.392983e+00	6.964915e-01	6.964915e-01	-1.088515e-01	-5.128338e-02	-5.756809e-02	3.142355e-03	-2.633917e-20	-1.314257e-20	-3.981759e-20	-3.305137e-20	-6.766223e-21
234           	1.390210e+00	6.951051e-01	6.951051e-01	-6.472636e-02	-2.875229e-02	-3.597407e-02	3.610886e-03	-2.582745e-20	-1.293983e-20	-3.916956e-20	-3.252461e-20	-6.644947e-21
234.25        	1.388069e+00	6.940345e-01	6.940345e-01	-1.920091e-02	-5.582212e-03	-1.361870e-02	4.018242e-03	-2.531644e-20	-1.272651e-20	-3.849093e-20	-3.197197e-20	-6.518954e-21
234.5         	1.386480e+00	6.932399e-01	6.932399e-01	2.637041e-02	1.754274e-02	8.827668e-03	4.357535e-03	-2.482099e-20	-1.250705e-20	-3.775140e-20	-3.138275e-20	-6.368649e-21
234.75        	1.385272e+00	6.926361e-01	6.926361e-01	7.201164e-02	4.062862e-02	3.138302e-02	4.622798e-03	-2.433815e-20	-1.228273e-20	-3.698116e-20	-3.077331e-20	-6.207856e-21
235           	1.384543e+00	6.922717e-01	6.922717e-01	1.164066e-01	6.301248e-02	5.339411e-02	4.809183e-03	-2.388377e-20	-1.206086e-20	-3.616585e-20	-3.014378e-20	-6.022069e-21
235.25        	1.384733e+00	6.923664e-01	6.923664e-01	1.588940e-01	8.436002e-02	7.453395e-02	4.913035e-03	-2.346333e-20	-1.184988e-20	-3.537994e-20	-2.953985e-20	-5.840091e-21
235.5         	1.385784e+00	6.928920e-01	6.928920e-01	1.986330e-01	1.042486e-01	9.438442e-02	4.932097e-03	-2.308498e-20	-1.165585e-20	-3.462767e-20	-2.896968e-20	-5.657989e-21
235.75        	1.387130e+00	6.935650e-01	6.935650e-01	2.347409e-01	1.222360e-01	1.125049e-01	4.865559e-03	-2.275394e-20	-1.147729e-20	-3.387494e-20	-2.841476e-20	-5.460179e-21
236           	1.389168e+00	6.945840e-01	6.945840e-01	2.668251e-01	1.381267e-01	1.286984e-01	4.714155e-03	-2.247237e-20	-1.132158e-20	-3.319278e-20	-2.791797e-20	-5.274809e-21
236.25        	1.391261e+00	6.956305e-01	6.956305e-01	2.945663e-01	1.517633e-01	1.428029e-01	4.480208e-03	-2.223905e-20	-1.118764e-20	-3.256609e-20	-2.747069e-20	-5.095403e-21
236.5         	1.394105e+00	6.970524e-01	6.970524e-01	3.165829e-01	1.624591e-01	1.541238e-01	4.167691e-03	-2.207083e-20	-1.108562e-20	-3.205595e-20	-2.711360e-20	-4.942348e-21
236.75        	1.396582e+00	6.982910e-01	6.982910e-01	3.335020e-01	1.705330e-01	1.629690e-01	3.782020e-03	-2.195283e-20	-1.100345e-20	-3.160618e-20	-2.680654e-20	-4.799639e-21
237           	1.398827e+00	6.994135e-01	6.994135e-01	3.443518e-01	1.755060e-01	1.688457e-01	3.330134e-03	-2.189519e-20	-1.094346e-20	-3.123249e-20	-2.655970e-20	-4.672791e-21
237.25        	1.401498e+00	7.007488e-01	7.007488e-01	3.493089e-01	1.774746e-01	1.718343e-01	2.820171e-03	-2.189668e-20	-1.091351e-20	-3.103314e-20	-2.643008e-20	-4.603062e-21
237.5         	1.403150e+00	7.015749e-01	7.015749e-01	3.480185e-01	1.762707e-01	1.717478e-01	2.261438e-03	-2.195437e-20	-1.089718e-20	-3.087421e-20	-2.633428e-20	-4.539925e-21
237.75        	1.404421e+00	7.022103e-01	7.022103e-01	3.409894e-01	1.721587e-01	1.688307e-01	1.663988e-03	-2.206443e-20	-1.090085e-20	-3.081802e-20	-2.630986e-20	-4.508162e-21
238           	1.404889e+00	7.024444e-01	7.024444e-01	3.281769e-01	1.651269e-01	1.630499e-01	1.038512e-03	-2.222612e-20	-1.091913e-20	-3.081439e-20	-2.632632e-20	-4.488062e-21
238.25        	1.405007e+00	7.025036e-01	7.025036e-01	3.095789e-01	1.551855e-01	1.543934e-01	3.960720e-04	-2.244202e-20	-1.095710e-20	-3.092849e-20	-2.642134e-20	-4.507143e-21
238.5         	1.404148e+00	7.020739e-01	7.020739e-01	2.859812e-01	1.427384e-01	1.432428e-01	-2.521710e-04	-2.270139e-20	-1.100691e-20	-3.109467e-20	-2.655425e-20	-4.540421e-21
238.75        	1.402655e+00	7.013275e-01	7.013275e-01	2.572752e-01	1.277425e-01	1.295327e-01	-8.951214e-04	-2.300876e-20	-1.107176e-20	-3.132182e-20	-2.673267e-20	-4.589153e-21
239           	1.400714e+00	7.003568e-01	7.003568e-01	2.241994e-01	1.105778e-01	1.136217e-01	-1.521943e-03	-2.335773e-20	-1.115554e-20	-3.163750e-20	-2.697428e-20	-4.663213e-21
239.25        	1.398344e+00	6.991719e-01	6.991719e-01	1.868816e-01	9.131862e-02	9.556300e-02	-2.122190e-03	-2.374913e-20	-1.125852e-20	-3.202627e-20	-2.727165e-20	-4.754617e-21
239.5         	1.395708e+00	6.978540e-01	6.978540e-01	1.465199e-01	7.057400e-02	7.594586e-02	-2.685929e-03	-2.417264e-20	-1.137893e-20	-3.247914e-20	-2.761850e-20	-4.860639e-21
239.75        	1.392952e+00	6.964759e-01	6.964759e-01	1.039014e-01	4.874688e-02	5.515449e-02	-3.203806e-03	-2.462082e-20	-1.151709e-20	-3.297261e-20	-2.800339e-20	-4.969217e-21
240           	1.390458e+00	6.952289e-01	6.952289e-01	5.986717e-02	2.626634e-02	3.360083e-02	-3.667246e-03	-2.508854e-20	-1.167565e-20	-3.352002e-20	-2.843566e-20	-5.084357e-21
240.25        	1.388224e+00	6.941121e-01	6.941121e-01	1.408366e-02	2.973363e-03	1.111030e-02	-4.068469e-03	-2.557999e-20	-1.185608e-20	-3.412498e-20	-2.891856e-20	-5.206413e-21
240.5         	1.386674e+00	6.933368e-01	6.933368e-01	-3.191709e-02	-2.035924e-02	-1.155784e-02	-4.400700e-03	-2.607856e-20	-1.205506e-20	-3.478465e-20	-2.944738e-20	-5.337269e-21
240.75        	1.385630e+00	6.928148e-01	6.928148e-01	-7.745319e-02	-4.338471e-02	-3.406848e-02	-4.658117e-03	-2.657643e-20	-1.226582e-20	-3.547904e-20	-3.000534e-20	-5.473702e-21
241           	1.384990e+00	6.924950e-01	6.924950e-01	-1.218740e-01	-6.577292e-02	-5.610105e-02	-4.835934e-03	-2.706514e-20	-1.248326e-20	-3.616533e-20	-3.056592e-20	-5.599404e-21
241.25        	1.385149e+00	6.925743e-01	6.925743e-01	-1.639872e-01	-8.692428e-02	-7.706289e-02	-4.930692e-03	-2.753161e-20	-1.270387e-20	-3.686076e-20	-3.113425e-20	-5.726508e-21
241.5         	1.386269e+00	6.931343e-01	6.931343e-01	-2.036847e-01	-1.067826e-01	-9.690212e-02	-4.940229e-03	-2.797471e-20	-1.292514e-20	-3.757437e-20	-3.171233e-20	-5.862045e-21
241.75        	1.387610e+00	6.938052e-01	6.938052e-01	-2.389388e-01	-1.243334e-01	-1.146054e-01	-4.863986e-03	-2.836566e-20	-1.313072e-20	-3.822832e-20	-3.224488e-20	-5.983440e-21
242           	1.389602e+00	6.948009e-01	6.948009e-01	-2.708906e-01	-1.401481e-01	-1.307425e-01	-4.702781e-03	-2.872010e-20	-1.332544e-20	-3.884915e-20	-3.275001e-20	-6.099137e-21
242.25        	1.391993e+00	6.959964e-01	6.959964e-01	-2.979878e-01	-1.534531e-01	-1.445347e-01	-4.459209e-03	-2.901666e-20	-1.350034e-20	-3.942923e-20	-3.321496e-20	-6.214271e-21
242.5         	1.394911e+00	6.974557e-01	6.974557e-01	-3.196949e-01	-1.639848e-01	-1.557101e-01	-4.137384e-03	-2.925005e-20	-1.365610e-20	-3.998581e-20	-3.364901e-20	-6.336806e-21
242.75        	1.397247e+00	6.986236e-01	6.986236e-01	-3.358359e-01	-1.716609e-01	-1.641750e-01	-3.742973e-03	-2.941303e-20	-1.377589e-20	-4.041770e-20	-3.398474e-20	-6.432962e-21
243           	1.399455e+00	6.997277e-01	6.997277e-01	-3.457438e-01	-1.761549e-01	-1.695888e-01	-3.283064e-03	-2.949925e-20	-1.386703e-20	-4.076786e-20	-3.425096e-20	-6.516898e-21
243.25        	1.401920e+00	7.009598e-01	7.009598e-01	-3.501620e-01	-1.778469e-01	-1.723151e-01	-2.765924e-03	-2.951968e-20	-1.393824e-20	-4.113240e-20	-3.450444e-20	-6.627967e-21
243.5         	1.403760e+00	7.018800e-01	7.018800e-01	-3.483014e-01	-1.763517e-01	-1.719497e-01	-2.201019e-03	-2.946109e-20	-1.397750e-20	-4.139969e-20	-3.467735e-20	-6.722341e-21
243.75        	1.404866e+00	7.024329e-01	7.024329e-01	-3.405104e-01	-1.718538e-01	-1.686567e-01	-1.598534e-03	-2.932849e-20	-1.398542e-20	-4.156328e-20	-3.476706e-20	-6.796220e-21
244           	1.405483e+00	7.027416e-01	7.027416e-01	-3.270206e-01	-1.644795e-01	-1.625411e-01	-9.692172e-04	-2.912670e-20	-1.396696e-20	-4.165314e-20	-3.479354e-20	-6.859608e-21
244.25        	1.405509e+00	7.027547e-01	7.027547e-01	-3.077906e-01	-1.542195e-01	-1.535711e-01	-3.241931e-04	-2.885658e-20	-1.392123e-20	-4.166565e-20	-3.475406e-20	-6.911591e-21
244.5         	1.404296e+00	7.021479e-01	7.021479e-01	-2.834264e-01	-1.413879e-01	-1.420386e-01	3.253340e-04	-2.852408e-20	-1.384219e-20	-4.153555e-20	-3.460997e-20	-6.925583e-21
244.75        	1.402671e+00	7.013354e-01	7.013354e-01	-2.540544e-01	-1.260589e-01	-1.279955e-01	9.682862e-04	-2.813602e-20	-1.373902e-20	-4.132662e-20	-3.440233e-20	-6.924286e-21
245           	1.400701e+00	7.003504e-01	7.003504e-01	-2.206155e-01	-1.087139e-01	-1.119016e-01	1.593857e-03	-2.770636e-20	-1.361425e-20	-4.104692e-20	-3.413771e-20	-6.909207e-21
245.25        	1.398419e+00	6.992095e-01	6.992095e-01	-1.829120e-01	-8.926439e-02	-9.364761e-02	2.191607e-03	-2.723469e-20	-1.346469e-20	-4.069546e-20	-3.381242e-20	-6.883046e-21
245.5         	1.395698e+00	6.978488e-01	6.978488e-01	-1.418755e-01	-6.818611e-02	-7.368935e-02	2.751623e-03	-2.673355e-20	-1.329190e-20	-4.022891e-20	-3.340636e-20	-6.822553e-21
245.75        	1.392960e+00	6.964801e-01	6.964801e-01	-9.904077e-02	-4.625572e-02	-5.278505e-02	3.264665e-03	-2.622541e-20	-1.310296e-20	-3.966982e-20	-3.293787e-20	-6.731955e-21
246           	1.390388e+00	6.951938e-01	6.951938e-01	-5.420724e-02	-2.338145e-02	-3.082579e-02	3.722172e-03	-2.570953e-20	-1.289786e-20	-3.903840e-20	-3.241706e-20	-6.621341e-21
246.25        	1.388293e+00	6.941464e-01	6.941464e-01	-8.736065e-03	-2.514730e-04	-8.484592e-03	4.116560e-03	-2.520387e-20	-1.268175e-20	-3.831658e-20	-3.184004e-20	-6.476543e-21
246.5         	1.386726e+00	6.933631e-01	6.933631e-01	3.757941e-02	2.323074e-02	1.434867e-02	4.441036e-03	-2.470211e-20	-1.245743e-20	-3.757897e-20	-3.124692e-20	-6.332055e-21
246.75        	1.385645e+00	6.928224e-01	6.928224e-01	8.295681e-02	4.616837e-02	3.678844e-02	4.689969e-03	-2.422689e-20	-1.223373e-20	-3.678978e-20	-3.062862e-20	-6.161162e-21
247           	1.385189e+00	6.925945e-01	6.925945e-01	1.269678e-01	6.834256e-02	5.862522e-02	4.858670e-03	-2.378014e-20	-1.201342e-20	-3.599264e-20	-3.000974e-20	-5.982901e-21
247.25        	1.385455e+00	6.927275e-01	6.927275e-01	1.689737e-01	8.943066e-02	7.954305e-02	4.943805e-03	-2.336860e-20	-1.180392e-20	-3.518031e-20	-2.939407e-20	-5.786240e-21
247.5         	1.386566e+00	6.932831e-01	6.932831e-01	2.082926e-01	1.090897e-01	9.920288e-02	4.943413e-03	-2.299623e-20	-1.161205e-20	-3.443063e-20	-2.882736e-20	-5.603266e-21
247.75        	1.388085e+00	6.940425e-01	6.940425e-01	2.433796e-01	1.265469e-01	1.168327e-01	4.857085e-03	-2.267860e-20	-1.143869e-20	-3.369604e-20	-2.828671e-20	-5.409332e-21
248           	1.390035e+00	6.950174e-01	6.950174e-01	2.749476e-01	1.421597e-01	1.327879e-01	4.685868e-03	-2.240264e-20	-1.128621e-20	-3.301654e-20	-2.779449e-20	-5.222056e-21
248.25        	1.392576e+00	6.962882e-01	6.962882e-01	3.012707e-01	1.550679e-01	1.462028e-01	4.432556e-03	-2.218738e-20	-1.116293e-20	-3.242895e-20	-2.737740e-20	-5.051547e-21
248.5         	1.395379e+00	6.976896e-01	6.976896e-01	3.222566e-01	1.652297e-01	1.570269e-01	4.101430e-03	-2.202943e-20	-1.106446e-20	-3.193746e-20	-2.703319e-20	-4.904274e-21
248.75        	1.398023e+00	6.990113e-01	6.990113e-01	3.377838e-01	1.725902e-01	1.651936e-01	3.698335e-03	-2.192680e-20	-1.098940e-20	-3.151556e-20	-2.674717e-20	-4.768383e-21
249           	1.400361e+00	7.001804e-01	7.001804e-01	3.473423e-01	1.769017e-01	1.704406e-01	3.230537e-03	-2.188189e-20	-1.093774e-20	-3.117665e-20	-2.652606e-20	-4.650588e-21
249.25        	1.402437e+00	7.012183e-01	7.012183e-01	3.507095e-01	1.780613e-01	1.726482e-01	2.706522e-03	-2.189668e-20	-1.090707e-20	-3.096266e-20	-2.638840e-20	-4.574260e-21
249.5         	1.404429e+00	7.022144e-01	7.022144e-01	3.483259e-01	1.762987e-01	1.720271e-01	2.135795e-03	-2.196509e-20	-1.089957e-20	-3.085985e-20	-2.632949e-20	-4.530353e-21
249.75        	1.405069e+00	7.025344e-01	7.025344e-01	3.397961e-01	1.714267e-01	1.683693e-01	1.528709e-03	-2.208770e-20	-1.090309e-20	-3.078082e-20	-2.629350e-20	-4.487319e-21
250           	1.405696e+00	7.028482e-01	7.028482e-01	3.253891e-01	1.635906e-01	1.617985e-01	8.960675e-04	-2.226554e-20	-1.092914e-20	-3.083841e-20	-2.634835e-20	-4.490063e-21
250.25        	1.405513e+00	7.027567e-01	7.027567e-01	3.055298e-01	1.530139e-01	1.525159e-01	2.490209e-04	-2.249220e-20	-1.096895e-20	-3.096000e-20	-2.644895e-20	-4.511045e-21
250.5         	1.404343e+00	7.021714e-01	7.021714e-01	2.805360e-01	1.398668e-01	1.406692e-01	-4.012066e-04	-2.276410e-20	-1.102179e-20	-3.113399e-20	-2.658878e-20	-4.545209e-21
250.75        	1.402670e+00	7.013351e-01	7.013351e-01	2.507793e-01	1.243461e-01	1.264332e-01	-1.043549e-03	-2.308080e-20	-1.109015e-20	-3.137391e-20	-2.677711e-20	-4.596808e-21
251           	1.400725e+00	7.003623e-01	7.003623e-01	2.164224e-01	1.065440e-01	1.098784e-01	-1.667183e-03	-2.344351e-20	-1.118026e-20	-3.171994e-20	-2.704023e-20	-4.679713e-21
251.25        	1.398284e+00	6.991418e-01	6.991418e-01	1.784576e-01	8.696702e-02	9.149056e-02	-2.261769e-03	-2.384128e-20	-1.128763e-20	-3.213466e-20	-2.735496e-20	-4.779705e-21
251.5         	1.395785e+00	6.978926e-01	6.978926e-01	1.374962e-01	6.593067e-02	7.156556e-02	-2.817445e-03	-2.427149e-20	-1.141540e-20	-3.260581e-20	-2.771830e-20	-4.887509e-21
251.75        	1.392903e+00	6.964516e-01	6.964516e-01	9.399908e-02	4.367458e-02	5.032451e-02	-3.324965e-03	-2.472960e-20	-1.155765e-20	-3.311958e-20	-2.811744e-20	-5.002145e-21
252           	1.390383e+00	6.951917e-01	6.951917e-01	4.917297e-02	2.081052e-02	2.836245e-02	-3.775962e-03	-2.520704e-20	-1.172134e-20	-3.369332e-20	-2.856801e-20	-5.125318e-21
252.25        	1.388238e+00	6.941189e-01	6.941189e-01	3.376973e-03	-2.474384e-03	5.851357e-03	-4.162870e-03	-2.569954e-20	-1.190533e-20	-3.429663e-20	-2.905365e-20	-5.242985e-21
252.5         	1.386853e+00	6.934266e-01	6.934266e-01	-4.284711e-02	-2.590262e-02	-1.694449e-02	-4.479065e-03	-2.620183e-20	-1.210957e-20	-3.498370e-20	-2.960142e-20	-5.382279e-21
252.75        	1.385683e+00	6.928416e-01	6.928416e-01	-8.833055e-02	-4.888426e-02	-3.944629e-02	-4.718985e-03	-2.669856e-20	-1.232013e-20	-3.566807e-20	-3.015416e-20	-5.513910e-21
253           	1.385400e+00	6.927000e-01	6.927000e-01	-1.320673e-01	-7.091176e-02	-6.115551e-02	-4.878123e-03	-2.718073e-20	-1.254089e-20	-3.638666e-20	-3.073422e-20	-5.652445e-21
253.25        	1.385647e+00	6.928234e-01	6.928234e-01	-1.738233e-01	-9.186494e-02	-8.195838e-02	-4.953278e-03	-2.764417e-20	-1.276145e-20	-3.706920e-20	-3.129604e-20	-5.773153e-21
253.5         	1.386762e+00	6.933812e-01	6.933812e-01	-2.127536e-01	-1.113195e-01	-1.014341e-01	-4.942667e-03	-2.807779e-20	-1.297903e-20	-3.777313e-20	-3.186559e-20	-5.907538e-21
253.75        	1.388395e+00	6.941975e-01	6.941975e-01	-2.476200e-01	-1.286560e-01	-1.189640e-01	-4.846047e-03	-2.846618e-20	-1.318513e-20	-3.842450e-20	-3.239738e-20	-6.027120e-21
254           	1.390674e+00	6.953370e-01	6.953370e-01	-2.787157e-01	-1.440226e-01	-1.346932e-01	-4.664687e-03	-2.881109e-20	-1.337826e-20	-3.904957e-20	-3.290305e-20	-6.146521e-21
254.25        	1.393180e+00	6.965901e-01	6.965901e-01	-3.041998e-01	-1.565015e-01	-1.476983e-01	-4.401596e-03	-2.908824e-20	-1.354824e-20	-3.962917e-20	-3.336282e-20	-6.266350e-21
254.5         	1.395932e+00	6.979661e-01	6.979661e-01	-3.249662e-01	-1.665443e-01	-1.584219e-01	-4.061182e-03	-2.930928e-20	-1.369517e-20	-4.015521e-20	-3.377278e-20	-6.382431e-21
254.75        	1.398214e+00	6.991071e-01	6.991071e-01	-3.394577e-01	-1.733784e-01	-1.660793e-01	-3.649567e-03	-2.945163e-20	-1.380709e-20	-4.055788e-20	-3.408603e-20	-6.471848e-21
255           	1.400914e+00	7.004571e-01	7.004571e-01	-3.484310e-01	-1.773896e-01	-1.710414e-01	-3.174100e-03	-2.952817e-20	-1.390013e-20	-4.096343e-20	-3.438185e-20	-6.581584e-21
255.25        	1.402786e+00	7.013928e-01	7.013928e-01	-3.510476e-01	-1.781673e-01	-1.728803e-01	-2.643472e-03	-2.952421e-20	-1.395713e-20	-4.125891e-20	-3.458659e-20	-6.672320e-21
255.5         	1.404752e+00	7.023758e-01	7.023758e-01	-3.479137e-01	-1.760241e-01	-1.718896e-01	-2.067284e-03	-2.945087e-20	-1.399203e-20	-4.151992e-20	-3.475199e-20	-6.767933e-21
255.75        	1.405348e+00	7.026739e-01	7.026739e-01	-3.384593e-01	-1.706856e-01	-1.677736e-01	-1.455995e-03	-2.929638e-20	-1.398735e-20	-4.161930e-20	-3.479700e-20	-6.822303e-21
256           	1.405737e+00	7.028683e-01	7.028683e-01	-3.235128e-01	-1.625768e-01	-1.609359e-01	-8.204352e-04	-2.907621e-20	-1.396131e-20	-4.168961e-20	-3.480612e-20	-6.883496e-21
256.25        	1.405335e+00	7.026675e-01	7.026675e-01	-3.030080e-01	-1.516758e-01	-1.513322e-01	-1.718165e-04	-2.878948e-20	-1.390554e-20	-4.165321e-20	-3.473214e-20	-6.921064e-21
256.5         	1.404615e+00	7.023073e-01	7.023073e-01	-2.772296e-01	-1.381362e-01	-1.390935e-01	4.786383e-04	-2.844322e-20	-1.382697e-20	-4.156671e-20	-3.461033e-20	-6.956387e-21
256.75        	1.402822e+00	7.014112e-01	7.014112e-01	-2.470047e-01	-1.223825e-01	-1.246223e-01	1.119880e-03	-2.804627e-20	-1.371858e-20	-4.132736e-20	-3.438226e-20	-6.945096e-21
257           	1.400556e+00	7.002780e-01	7.002780e-01	-2.121475e-01	-1.043326e-01	-1.078148e-01	1.741112e-03	-2.760070e-20	-1.358407e-20	-4.100882e-20	-3.408848e-20	-6.920345e-21
257.25        	1.398120e+00	6.990601e-01	6.990601e-01	-1.736325e-01	-8.448421e-02	-8.914830e-02	2.332042e-03	-2.712105e-20	-1.342929e-20	-4.062810e-20	-3.374334e-20	-6.884760e-21
257.5         	1.395476e+00	6.977378e-01	6.977378e-01	-1.322855e-01	-6.325986e-02	-6.902562e-02	2.882881e-03	-2.662079e-20	-1.325323e-20	-4.013992e-20	-3.332319e-20	-6.816736e-21
257.75        	1.392709e+00	6.963546e-01	6.963546e-01	-8.867378e-02	-4.095242e-02	-4.772136e-02	3.384470e-03	-2.610668e-20	-1.305920e-20	-3.956061e-20	-3.283950e-20	-6.721105e-21
258           	1.390174e+00	6.950869e-01	6.950869e-01	-4.338259e-02	-1.786280e-02	-2.551979e-02	3.828497e-03	-2.558929e-20	-1.284963e-20	-3.890782e-20	-3.230354e-20	-6.604281e-21
258.25        	1.388092e+00	6.940459e-01	6.940459e-01	2.256111e-03	5.335620e-03	-3.079509e-03	4.207565e-03	-2.508492e-20	-1.263038e-20	-3.817146e-20	-3.171611e-20	-6.455344e-21
258.5         	1.386742e+00	6.933710e-01	6.933710e-01	4.862352e-02	2.882685e-02	1.979667e-02	4.515089e-03	-2.458726e-20	-1.240582e-20	-3.741829e-20	-3.111497e-20	-6.303322e-21
258.75        	1.385695e+00	6.928475e-01	6.928475e-01	9.390889e-02	5.170013e-02	4.220876e-02	4.745685e-03	-2.411474e-20	-1.218047e-20	-3.663187e-20	-3.049641e-20	-6.135464e-21
259           	1.385482e+00	6.927408e-01	6.927408e-01	1.375356e-01	7.366276e-02	6.387283e-02	4.894961e-03	-2.367658e-20	-1.196316e-20	-3.582647e-20	-2.987639e-20	-5.950076e-21
259.25        	1.385806e+00	6.929030e-01	6.929030e-01	1.791847e-01	9.455221e-02	8.463246e-02	4.959874e-03	-2.327108e-20	-1.175484e-20	-3.501180e-20	-2.926074e-20	-5.751063e-21
259.5         	1.387054e+00	6.935268e-01	6.935268e-01	2.173086e-01	1.135932e-01	1.037154e-01	4.938872e-03	-2.291474e-20	-1.156833e-20	-3.426941e-20	-2.870304e-20	-5.566377e-21
259.75        	1.388761e+00	6.943805e-01	6.943805e-01	2.518982e-01	1.307809e-01	1.211173e-01	4.831828e-03	-2.260397e-20	-1.140015e-20	-3.353938e-20	-2.816984e-20	-5.369539e-21
260           	1.390885e+00	6.954426e-01	6.954426e-01	2.818611e-01	1.455708e-01	1.362903e-01	4.640292e-03	-2.234701e-20	-1.125407e-20	-3.287959e-20	-2.769387e-20	-5.185723e-21
260.25        	1.393544e+00	6.967720e-01	6.967720e-01	3.072608e-01	1.579977e-01	1.492630e-01	4.367351e-03	-2.214195e-20	-1.113698e-20	-3.231351e-20	-2.729374e-20	-5.019777e-21
260.5         	1.396215e+00	6.981073e-01	6.981073e-01	3.274143e-01	1.677249e-01	1.596894e-01	4.017715e-03	-2.199142e-20	-1.104316e-20	-3.184027e-20	-2.696329e-20	-4.876979e-21
260.75        	1.398714e+00	6.993572e-01	6.993572e-01	3.410263e-01	1.741108e-01	1.669155e-01	3.597665e-03	-2.190796e-20	-1.097353e-20	-3.142896e-20	-2.668801e-20	-4.740947e-21
261           	1.401243e+00	7.006213e-01	7.006213e-01	3.491891e-01	1.777092e-01	1.714798e-01	3.114700e-03	-2.187790e-20	-1.092950e-20	-3.114725e-20	-2.650312e-20	-4.644129e-21
261.25        	1.403111e+00	7.015556e-01	7.015556e-01	3.512878e-01	1.782216e-01	1.730663e-01	2.577649e-03	-2.190350e-20	-1.090280e-20	-3.093050e-20	-2.636805e-20	-4.562451e-21
261.5         	1.404698e+00	7.023489e-01	7.023489e-01	3.473029e-01	1.756477e-01	1.716552e-01	1.996258e-03	-2.198612e-20	-1.089734e-20	-3.083691e-20	-2.631579e-20	-4.521118e-21
261.75        	1.405670e+00	7.028351e-01	7.028351e-01	3.374031e-01	1.700826e-01	1.673205e-01	1.381017e-03	-2.212245e-20	-1.090981e-20	-3.080667e-20	-2.631314e-20	-4.493528e-21
262           	1.405794e+00	7.028968e-01	7.028968e-01	3.215323e-01	1.615091e-01	1.600233e-01	7.428873e-04	-2.231247e-20	-1.093556e-20	-3.086066e-20	-2.636589e-20	-4.494764e-21
262.25        	1.405613e+00	7.028064e-01	7.028064e-01	3.002609e-01	1.502235e-01	1.500374e-01	9.305288e-05	-2.255304e-20	-1.098357e-20	-3.101438e-20	-2.649076e-20	-4.523621e-21
262.5         	1.404622e+00	7.023112e-01	7.023112e-01	2.738995e-01	1.363925e-01	1.375070e-01	-5.572622e-04	-2.283919e-20	-1.104411e-20	-3.123465e-20	-2.666143e-20	-4.573212e-21
262.75        	1.402399e+00	7.011994e-01	7.011994e-01	2.432054e-01	1.204057e-01	1.227997e-01	-1.197010e-03	-2.316270e-20	-1.111014e-20	-3.146006e-20	-2.684017e-20	-4.619884e-21
263           	1.400529e+00	7.002646e-01	7.002646e-01	2.078560e-01	1.021126e-01	1.057435e-01	-1.815453e-03	-2.353553e-20	-1.120837e-20	-3.183874e-20	-2.712774e-20	-4.710997e-21
263.25        	1.397884e+00	6.989421e-01	6.989421e-01	1.690638e-01	8.212957e-02	8.693427e-02	-2.402351e-03	-2.394169e-20	-1.131731e-20	-3.224912e-20	-2.744187e-20	-4.807248e-21
263.5         	1.395302e+00	6.976511e-01	6.976511e-01	1.273529e-01	6.072849e-02	6.662443e-02	-2.947967e-03	-2.438011e-20	-1.144922e-20	-3.273873e-20	-2.781858e-20	-4.920148e-21
263.75        	1.392503e+00	6.962514e-01	6.962514e-01	8.370510e-02	3.840930e-02	4.529580e-02	-3.443252e-03	-2.484036e-20	-1.159622e-20	-3.326276e-20	-2.822760e-20	-5.035154e-21
264           	1.390023e+00	6.950117e-01	6.950117e-01	3.798407e-02	1.511208e-02	2.287199e-02	-3.879956e-03	-2.532858e-20	-1.176658e-20	-3.385470e-20	-2.869393e-20	-5.160772e-21
264.25        	1.387941e+00	6.939706e-01	6.939706e-01	-8.357841e-03	-8.429715e-03	7.187387e-05	-4.250794e-03	-2.582854e-20	-1.195533e-20	-3.449358e-20	-2.920212e-20	-5.291463e-21
264.5         	1.386527e+00	6.932635e-01	6.932635e-01	-5.401809e-02	-3.155846e-02	-2.245964e-02	-4.549408e-03	-2.632414e-20	-1.216005e-20	-3.515313e-20	-2.973661e-20	-5.416516e-21
264.75        	1.385880e+00	6.929398e-01	6.929398e-01	-9.930857e-02	-5.442469e-02	-4.488388e-02	-4.770403e-03	-2.682147e-20	-1.237807e-20	-3.587937e-20	-3.031776e-20	-5.561613e-21
265           	1.385657e+00	6.928287e-01	6.928287e-01	-1.428671e-01	-7.634316e-02	-6.652398e-02	-4.909590e-03	-2.730294e-20	-1.259905e-20	-3.657447e-20	-3.088629e-20	-5.688182e-21
265.25        	1.386050e+00	6.930252e-01	6.930252e-01	-1.839991e-01	-9.696368e-02	-8.703544e-02	-4.964118e-03	-2.775964e-20	-1.281821e-20	-3.726064e-20	-3.144853e-20	-5.812103e-21
265.5         	1.387481e+00	6.937404e-01	6.937404e-01	-2.219247e-01	-1.158949e-01	-1.060298e-01	-4.932566e-03	-2.818288e-20	-1.303566e-20	-3.795749e-20	-3.201441e-20	-5.943078e-21
265.75        	1.389141e+00	6.945707e-01	6.945707e-01	-2.563086e-01	-1.329693e-01	-1.233393e-01	-4.815031e-03	-2.856531e-20	-1.323719e-20	-3.859593e-20	-3.253516e-20	-6.060775e-21
266           	1.391312e+00	6.956562e-01	6.956562e-01	-2.853610e-01	-1.472938e-01	-1.380672e-01	-4.613285e-03	-2.888464e-20	-1.342258e-20	-3.919593e-20	-3.302054e-20	-6.175385e-21
266.25        	1.393895e+00	6.969477e-01	6.969477e-01	-3.102953e-01	-1.594782e-01	-1.508171e-01	-4.330556e-03	-2.915571e-20	-1.358832e-20	-3.976303e-20	-3.346983e-20	-6.293201e-21
266.5         	1.396561e+00	6.982806e-01	6.982806e-01	-3.292714e-01	-1.686075e-01	-1.606639e-01	-3.971825e-03	-2.935409e-20	-1.372639e-20	-4.026644e-20	-3.385961e-20	-6.406826e-21
266.75        	1.399334e+00	6.996669e-01	6.996669e-01	-3.424990e-01	-1.747929e-01	-1.677061e-01	-3.543446e-03	-2.948315e-20	-1.383933e-20	-4.070861e-20	-3.419363e-20	-6.514973e-21
267           	1.401319e+00	7.006595e-01	7.006595e-01	-3.497627e-01	-1.779346e-01	-1.718282e-01	-3.053182e-03	-2.953595e-20	-1.391600e-20	-4.103449e-20	-3.443325e-20	-6.601247e-21
267.25        	1.403603e+00	7.018016e-01	7.018016e-01	-3.512873e-01	-1.781536e-01	-1.731337e-01	-2.509930e-03	-2.951998e-20	-1.397249e-20	-4.135694e-20	-3.465096e-20	-6.705985e-21
267.5         	1.405057e+00	7.025286e-01	7.025286e-01	-3.463788e-01	-1.751130e-01	-1.712658e-01	-1.923592e-03	-2.942277e-20	-1.399498e-20	-4.156346e-20	-3.477671e-20	-6.786753e-21
267.75        	1.405888e+00	7.029441e-01	7.029441e-01	-3.356732e-01	-1.691413e-01	-1.665319e-01	-1.304700e-03	-2.925470e-20	-1.398910e-20	-4.167959e-20	-3.482890e-20	-6.850697e-21
268           	1.405976e+00	7.029882e-01	7.029882e-01	-3.194630e-01	-1.603957e-01	-1.590673e-01	-6.642468e-04	-2.901890e-20	-1.395430e-20	-4.171177e-20	-3.481019e-20	-6.901582e-21
268.25        	1.405522e+00	7.027610e-01	7.027610e-01	-2.974986e-01	-1.487628e-01	-1.487358e-01	-1.349264e-05	-2.871543e-20	-1.389274e-20	-4.166213e-20	-3.472381e-20	-6.938323e-21
268.5         	1.404341e+00	7.021703e-01	7.021703e-01	-2.704071e-01	-1.345672e-01	-1.358399e-01	6.363721e-04	-2.835292e-20	-1.380456e-20	-4.152387e-20	-3.456649e-20	-6.957379e-21
268.75        	1.402514e+00	7.012568e-01	7.012568e-01	-2.390456e-01	-1.182485e-01	-1.207971e-01	1.274335e-03	-2.794458e-20	-1.369065e-20	-4.128588e-20	-3.433359e-20	-6.952287e-21
269           	1.400397e+00	7.001983e-01	7.001983e-01	-2.033503e-01	-9.978543e-02	-1.035649e-01	1.889710e-03	-2.749151e-20	-1.355365e-20	-4.096031e-20	-3.403380e-20	-6.926509e-21
269.25        	1.397547e+00	6.987734e-01	6.987734e-01	-1.640585e-01	-7.955694e-02	-8.450152e-02	2.472288e-03	-2.700496e-20	-1.338950e-20	-4.051399e-20	-3.364650e-20	-6.867495e-21
269.5         	1.394886e+00	6.974431e-01	6.974431e-01	-1.220358e-01	-5.800547e-02	-6.403030e-02	3.012414e-03	-2.649928e-20	-1.320957e-20	-4.001400e-20	-3.321657e-20	-6.797424e-21
269.75        	1.392152e+00	6.960759e-01	6.960759e-01	-7.799701e-02	-3.549738e-02	-4.249963e-02	3.501123e-03	-2.598406e-20	-1.301054e-20	-3.940436e-20	-3.271271e-20	-6.691644e-21
270           	1.389985e+00	6.949924e-01	6.949924e-01	-3.264928e-02	-1.239431e-02	-2.025496e-02	3.930325e-03	-2.547168e-20	-1.280078e-20	-3.874452e-20	-3.217304e-20	-6.571485e-21
270.25        	1.388082e+00	6.940410e-01	6.940410e-01	1.384846e-02	1.121699e-02	2.631476e-03	4.292755e-03	-2.496007e-20	-1.257828e-20	-3.802933e-20	-3.159295e-20	-6.436384e-21
270.5         	1.386627e+00	6.933137e-01	6.933137e-01	5.964355e-02	3.440399e-02	2.523956e-02	4.582211e-03	-2.447219e-20	-1.235274e-20	-3.723989e-20	-3.097268e-20	-6.267210e-21
270.75        	1.385821e+00	6.929105e-01	6.929105e-01	1.047067e-01	5.714678e-02	4.755989e-02	4.793446e-03	-2.400667e-20	-1.212880e-20	-3.645165e-20	-3.035462e-20	-6.097029e-21
271           	1.385769e+00	6.928844e-01	6.928844e-01	1.483038e-01	7.907429e-02	6.922951e-02	4.922391e-03	-2.357123e-20	-1.191204e-20	-3.564066e-20	-2.973237e-20	-5.908296e-21
271.25        	1.386117e+00	6.930584e-01	6.930584e-01	1.886318e-01	9.928235e-02	8.934946e-02	4.966443e-03	-2.318282e-20	-1.170850e-20	-3.483176e-20	-2.912438e-20	-5.707381e-21
271.5         	1.387670e+00	6.938350e-01	6.938350e-01	2.263405e-01	1.180945e-01	1.082460e-01	4.924262e-03	-2.283342e-20	-1.152713e-20	-3.409988e-20	-2.857707e-20	-5.522815e-21
271.75        	1.389307e+00	6.946537e-01	6.946537e-01	2.600883e-01	1.348404e-01	1.252479e-01	4.796216e-03	-2.253194e-20	-1.136151e-20	-3.337497e-20	-2.804900e-20	-5.325977e-21
272           	1.391614e+00	6.958072e-01	6.958072e-01	2.888350e-01	1.490017e-01	1.398333e-01	4.584219e-03	-2.228967e-20	-1.122323e-20	-3.272823e-20	-2.758735e-20	-5.140882e-21
272.25        	1.394188e+00	6.970939e-01	6.970939e-01	3.131177e-01	1.608506e-01	1.522671e-01	4.291745e-03	-2.209565e-20	-1.110930e-20	-3.217617e-20	-2.719739e-20	-4.978785e-21
272.5         	1.397066e+00	6.985329e-01	6.985329e-01	3.312924e-01	1.695701e-01	1.617222e-01	3.923958e-03	-2.196736e-20	-1.102640e-20	-3.173559e-20	-2.689419e-20	-4.841395e-21
272.75        	1.399664e+00	6.998321e-01	6.998321e-01	3.440452e-01	1.755100e-01	1.685353e-01	3.487364e-03	-2.189201e-20	-1.096296e-20	-3.136392e-20	-2.664492e-20	-4.719001e-21
273           	1.401833e+00	7.009166e-01	7.009166e-01	3.503617e-01	1.781708e-01	1.721909e-01	2.989928e-03	-2.187878e-20	-1.092053e-20	-3.108246e-20	-2.646176e-20	-4.620702e-21
273.25        	1.403923e+00	7.019614e-01	7.019614e-01	3.511625e-01	1.780219e-01	1.731406e-01	2.440645e-03	-2.191747e-20	-1.090322e-20	-3.092565e-20	-2.636605e-20	-4.559600e-21
273.5         	1.405303e+00	7.026516e-01	7.026516e-01	3.455829e-01	1.746410e-01	1.709419e-01	1.849534e-03	-2.201482e-20	-1.090217e-20	-3.083335e-20	-2.631885e-20	-4.514504e-21
273.75        	1.405934e+00	7.029669e-01	7.029669e-01	3.340169e-01	1.682356e-01	1.657812e-01	1.227206e-03	-2.216620e-20	-1.091636e-20	-3.081862e-20	-2.632567e-20	-4.492949e-21
274           	1.406110e+00	7.030548e-01	7.030548e-01	3.169231e-01	1.590463e-01	1.578769e-01	5.846991e-04	-2.236778e-20	-1.094940e-20	-3.090815e-20	-2.640348e-20	-4.504671e-21
274.25        	1.405495e+00	7.027473e-01	7.027473e-01	2.944908e-01	1.471787e-01	1.473121e-01	-6.673674e-05	-2.261687e-20	-1.099649e-20	-3.106114e-20	-2.652707e-20	-4.534076e-21
274.5         	1.404122e+00	7.020608e-01	7.020608e-01	2.668707e-01	1.327194e-01	1.341512e-01	-7.159015e-04	-2.291448e-20	-1.105819e-20	-3.127794e-20	-2.669716e-20	-4.580782e-21
274.75        	1.402411e+00	7.012053e-01	7.012053e-01	2.349117e-01	1.161040e-01	1.188076e-01	-1.351809e-03	-2.325276e-20	-1.113882e-20	-3.158755e-20	-2.693259e-20	-4.654960e-21
275           	1.399900e+00	6.999501e-01	6.999501e-01	1.986035e-01	9.733793e-02	1.012656e-01	-1.963828e-03	-2.363281e-20	-1.123254e-20	-3.193295e-20	-2.719902e-20	-4.733936e-21
275.25        	1.397068e+00	6.985340e-01	6.985340e-01	1.590757e-01	7.699604e-02	8.207970e-02	-2.541828e-03	-2.404593e-20	-1.134434e-20	-3.234259e-20	-2.751563e-20	-4.826955e-21
275.5         	1.394371e+00	6.971853e-01	6.971853e-01	1.166892e-01	5.526839e-02	6.142079e-02	-3.076200e-03	-2.449136e-20	-1.147988e-20	-3.284317e-20	-2.790147e-20	-4.941709e-21
275.75        	1.391939e+00	6.959696e-01	6.959696e-01	7.242792e-02	3.265587e-02	3.977206e-02	-3.558095e-03	-2.496107e-20	-1.163740e-20	-3.339991e-20	-2.833735e-20	-5.062557e-21
276           	1.389622e+00	6.948109e-01	6.948109e-01	2.696050e-02	9.500721e-03	1.745978e-02	-3.979530e-03	-2.544824e-20	-1.181245e-20	-3.400440e-20	-2.881465e-20	-5.189744e-21
276.25        	1.388049e+00	6.940247e-01	6.940247e-01	-1.944361e-02	-1.405515e-02	-5.388450e-03	-4.333352e-03	-2.595084e-20	-1.201171e-20	-3.467474e-20	-2.934908e-20	-5.325653e-21
276.5         	1.386551e+00	6.932755e-01	6.932755e-01	-6.551996e-02	-3.737344e-02	-2.814651e-02	-4.613464e-03	-2.645196e-20	-1.221698e-20	-3.534354e-20	-2.988875e-20	-5.454793e-21
276.75        	1.385746e+00	6.928730e-01	6.928730e-01	-1.103858e-01	-6.000770e-02	-5.037813e-02	-4.814781e-03	-2.694439e-20	-1.243229e-20	-3.604668e-20	-3.045563e-20	-5.591044e-21
277           	1.385792e+00	6.928961e-01	6.928961e-01	-1.535964e-01	-8.173157e-02	-7.186478e-02	-4.933394e-03	-2.742267e-20	-1.265638e-20	-3.675816e-20	-3.103546e-20	-5.722703e-21
277.25        	1.386551e+00	6.932757e-01	6.932757e-01	-1.937289e-01	-1.018313e-01	-9.189758e-02	-4.966848e-03	-2.786910e-20	-1.287572e-20	-3.745702e-20	-3.160423e-20	-5.852791e-21
277.5         	1.387871e+00	6.939355e-01	6.939355e-01	-2.311109e-01	-1.204695e-01	-1.106414e-01	-4.914004e-03	-2.828609e-20	-1.308779e-20	-3.813120e-20	-3.215339e-20	-5.977807e-21
277.75        	1.389808e+00	6.949041e-01	6.949041e-01	-2.639929e-01	-1.367719e-01	-1.272210e-01	-4.775453e-03	-2.865117e-20	-1.328852e-20	-3.877366e-20	-3.267535e-20	-6.098305e-21
278           	1.392031e+00	6.960157e-01	6.960157e-01	-2.922815e-01	-1.506940e-01	-1.415875e-01	-4.553255e-03	-2.896184e-20	-1.346814e-20	-3.935337e-20	-3.314483e-20	-6.208545e-21
278.25        	1.394531e+00	6.972653e-01	6.972653e-01	-3.154875e-01	-1.619949e-01	-1.534926e-01	-4.251142e-03	-2.921060e-20	-1.362506e-20	-3.989320e-20	-3.357166e-20	-6.321537e-21
278.5         	1.397535e+00	6.987673e-01	6.987673e-01	-3.332061e-01	-1.704774e-01	-1.627287e-01	-3.874385e-03	-2.939549e-20	-1.376082e-20	-4.040422e-20	-3.396293e-20	-6.441292e-21
278.75        	1.399809e+00	6.999044e-01	6.999044e-01	-3.450737e-01	-1.759666e-01	-1.691071e-01	-3.429750e-03	-2.950573e-20	-1.386058e-20	-4.079000e-20	-3.425558e-20	-6.534415e-21
279           	1.402122e+00	7.010611e-01	7.010611e-01	-3.509917e-01	-1.784211e-01	-1.725706e-01	-2.925279e-03	-2.954353e-20	-1.393609e-20	-4.114568e-20	-3.450893e-20	-6.636745e-21
279.25        	1.404060e+00	7.020301e-01	7.020301e-01	-3.507252e-01	-1.777328e-01	-1.729924e-01	-2.370185e-03	-2.950443e-20	-1.398205e-20	-4.142523e-20	-3.469467e-20	-6.730562e-21
279.5         	1.405266e+00	7.026330e-01	7.026330e-01	-3.445273e-01	-1.740382e-01	-1.704891e-01	-1.774522e-03	-2.939103e-20	-1.399663e-20	-4.159252e-20	-3.479289e-20	-6.799634e-21
279.75        	1.406023e+00	7.030113e-01	7.030113e-01	-3.322718e-01	-1.672849e-01	-1.649869e-01	-1.148979e-03	-2.920381e-20	-1.398380e-20	-4.169803e-20	-3.483282e-20	-6.865215e-21
280           	1.406176e+00	7.030878e-01	7.030878e-01	-3.145638e-01	-1.577866e-01	-1.567773e-01	-5.046451e-04	-2.895133e-20	-1.394476e-20	-4.173910e-20	-3.481431e-20	-6.924785e-21
280.25        	1.405409e+00	7.027047e-01	7.027047e-01	-2.914012e-01	-1.455534e-01	-1.458478e-01	1.472183e-04	-2.863342e-20	-1.387559e-20	-4.164991e-20	-3.470055e-20	-6.949364e-21
280.5         	1.403989e+00	7.019947e-01	7.019947e-01	-2.632215e-01	-1.308153e-01	-1.324062e-01	7.954497e-04	-2.825838e-20	-1.377956e-20	-4.147558e-20	-3.451735e-20	-6.958233e-21
280.75        	1.402134e+00	7.010671e-01	7.010671e-01	-2.305894e-01	-1.138656e-01	-1.167238e-01	1.429076e-03	-2.783625e-20	-1.366007e-20	-4.122483e-20	-3.427248e-20	-6.952346e-21
281           	1.399483e+00	6.997414e-01	6.997414e-01	-1.940057e-01	-9.496532e-02	-9.904042e-02	2.037550e-03	-2.737353e-20	-1.351363e-20	-4.084415e-20	-3.393570e-20	-6.908448e-21
281.25        	1.396872e+00	6.984358e-01	6.984358e-01	-1.536639e-01	-7.422122e-02	-7.944270e-02	2.610739e-03	-2.687760e-20	-1.334562e-20	-4.040632e-20	-3.354878e-20	-6.857538e-21
281.5         	1.394346e+00	6.971732e-01	6.971732e-01	-1.112335e-01	-5.247755e-02	-5.875594e-02	3.139195e-03	-2.637105e-20	-1.316283e-20	-3.989242e-20	-3.310904e-20	-6.783380e-21
281.75        	1.391604e+00	6.958019e-01	6.958019e-01	-6.676187e-02	-2.976683e-02	-3.699505e-02	3.614110e-03	-2.585526e-20	-1.295968e-20	-3.925539e-20	-3.258738e-20	-6.668011e-21
282           	1.389372e+00	6.946859e-01	6.946859e-01	-2.096598e-02	-6.455377e-03	-1.451061e-02	4.027615e-03	-2.534088e-20	-1.274453e-20	-3.856968e-20	-3.202937e-20	-6.540309e-21
282.25        	1.387729e+00	6.938644e-01	6.938644e-01	2.488815e-02	1.681680e-02	8.071350e-03	4.372723e-03	-2.484206e-20	-1.252356e-20	-3.782774e-20	-3.143743e-20	-6.390307e-21
282.5         	1.386520e+00	6.932598e-01	6.932598e-01	7.104463e-02	4.016569e-02	3.087894e-02	4.643378e-03	-2.435326e-20	-1.229770e-20	-3.706180e-20	-3.082860e-20	-6.233197e-21
282.75        	1.385730e+00	6.928648e-01	6.928648e-01	1.158753e-01	6.277230e-02	5.310296e-02	4.834670e-03	-2.389392e-20	-1.207372e-20	-3.623897e-20	-3.019320e-20	-6.045765e-21
283           	1.385857e+00	6.929287e-01	6.929287e-01	1.584836e-01	8.418469e-02	7.429892e-02	4.942883e-03	-2.347243e-20	-1.186080e-20	-3.544426e-20	-2.958293e-20	-5.861330e-21
283.25        	1.386709e+00	6.933545e-01	6.933545e-01	1.986179e-01	1.042746e-01	9.434329e-02	4.965658e-03	-2.308901e-20	-1.166330e-20	-3.466857e-20	-2.899759e-20	-5.670983e-21
283.5         	1.388160e+00	6.940802e-01	6.940802e-01	2.354280e-01	1.226161e-01	1.128119e-01	4.902125e-03	-2.275096e-20	-1.148428e-20	-3.392934e-20	-2.844895e-20	-5.480393e-21
283.75        	1.390358e+00	6.951788e-01	6.951788e-01	2.677482e-01	1.386272e-01	1.291211e-01	4.753038e-03	-2.246825e-20	-1.132909e-20	-3.324588e-20	-2.795203e-20	-5.293849e-21
284           	1.392311e+00	6.961556e-01	6.961556e-01	2.956719e-01	1.523566e-01	1.433153e-01	4.520661e-03	-2.223315e-20	-1.119234e-20	-3.260052e-20	-2.749260e-20	-5.107924e-21
284.25        	1.395045e+00	6.975225e-01	6.975225e-01	3.180451e-01	1.632315e-01	1.548136e-01	4.208945e-03	-2.206040e-20	-1.108826e-20	-3.207936e-20	-2.712794e-20	-4.951420e-21
284.5         	1.397685e+00	6.988427e-01	6.988427e-01	3.350543e-01	1.713505e-01	1.637038e-01	3.823330e-03	-2.194313e-20	-1.100717e-20	-3.163833e-20	-2.682633e-20	-4.811996e-21
284.75        	1.400037e+00	7.000183e-01	7.000183e-01	3.463660e-01	1.765537e-01	1.698123e-01	3.370741e-03	-2.188066e-20	-1.094757e-20	-3.126685e-20	-2.658099e-20	-4.685857e-21
285           	1.402617e+00	7.013086e-01	7.013086e-01	3.513370e-01	1.785279e-01	1.728091e-01	2.859414e-03	-2.188197e-20	-1.091687e-20	-3.106190e-20	-2.644782e-20	-4.614083e-21
285.25        	1.404234e+00	7.021172e-01	7.021172e-01	3.502421e-01	1.774197e-01	1.728224e-01	2.298661e-03	-2.193772e-20	-1.089978e-20	-3.088902e-20	-2.634429e-20	-4.544729e-21
285.5         	1.405647e+00	7.028237e-01	7.028237e-01	3.435141e-01	1.734557e-01	1.700584e-01	1.698610e-03	-2.204515e-20	-1.090481e-20	-3.083837e-20	-2.632399e-20	-4.514376e-21
285.75        	1.406083e+00	7.030416e-01	7.030416e-01	3.305275e-01	1.663338e-01	1.641937e-01	1.070056e-03	-2.220883e-20	-1.092287e-20	-3.084020e-20	-2.634297e-20	-4.497232e-21
286           	1.406199e+00	7.030997e-01	7.030997e-01	3.119267e-01	1.563875e-01	1.555393e-01	4.241085e-04	-2.242518e-20	-1.096121e-20	-3.095575e-20	-2.643908e-20	-4.516663e-21
286.25        	1.405128e+00	7.025642e-01	7.025642e-01	2.883291e-01	1.439366e-01	1.443926e-01	-2.279953e-04	-2.268346e-20	-1.100825e-20	-3.109932e-20	-2.655791e-20	-4.541410e-21
286.5         	1.403806e+00	7.019031e-01	7.019031e-01	2.595422e-01	1.288960e-01	1.306462e-01	-8.750719e-04	-2.299248e-20	-1.107608e-20	-3.134803e-20	-2.675010e-20	-4.597930e-21
286.75        	1.401804e+00	7.009021e-01	7.009021e-01	2.263410e-01	1.116643e-01	1.146767e-01	-1.506202e-03	-2.334268e-20	-1.115896e-20	-3.166316e-20	-2.699053e-20	-4.672622e-21
287           	1.399389e+00	6.996946e-01	6.996946e-01	1.890608e-01	9.241950e-02	9.664127e-02	-2.110884e-03	-2.373310e-20	-1.126100e-20	-3.205023e-20	-2.728612e-20	-4.764110e-21
287.25        	1.396651e+00	6.983254e-01	6.983254e-01	1.484567e-01	7.154925e-02	7.690741e-02	-2.679082e-03	-2.415886e-20	-1.138095e-20	-3.250039e-20	-2.763114e-20	-4.869246e-21
287.5         	1.394018e+00	6.970092e-01	6.970092e-01	1.058210e-01	4.970908e-02	5.611190e-02	-3.201410e-03	-2.460775e-20	-1.152138e-20	-3.300841e-20	-2.802558e-20	-4.982825e-21
287.75        	1.391367e+00	6.956833e-01	6.956833e-01	6.133637e-02	2.699901e-02	3.433735e-02	-3.669169e-03	-2.507985e-20	-1.167867e-20	-3.355388e-20	-2.845561e-20	-5.098268e-21
288           	1.389082e+00	6.945410e-01	6.945410e-01	1.523089e-02	3.540880e-03	1.169001e-02	-4.074565e-03	-2.557466e-20	-1.185962e-20	-3.416737e-20	-2.894330e-20	-5.224067e-21
288.25        	1.387551e+00	6.937754e-01	6.937754e-01	-3.086615e-02	-1.984383e-02	-1.102232e-02	-4.410758e-03	-2.607431e-20	-1.205986e-20	-3.483490e-20	-2.947731e-20	-5.357583e-21
288.5         	1.386472e+00	6.932358e-01	6.932358e-01	-7.665552e-02	-4.299961e-02	-3.365590e-02	-4.671853e-03	-2.657456e-20	-1.227111e-20	-3.553444e-20	-3.003833e-20	-5.496110e-21
288.75        	1.385768e+00	6.928839e-01	6.928839e-01	-1.213287e-01	-6.551739e-02	-5.581134e-02	-4.853025e-03	-2.706616e-20	-1.248854e-20	-3.622359e-20	-3.060033e-20	-5.623260e-21
289           	1.385834e+00	6.929169e-01	6.929169e-01	-1.637489e-01	-8.682520e-02	-7.692371e-02	-4.950745e-03	-2.753557e-20	-1.270935e-20	-3.692185e-20	-3.117028e-20	-5.751570e-21
289.25        	1.386917e+00	6.934586e-01	6.934586e-01	-2.035564e-01	-1.067410e-01	-9.681536e-02	-4.962833e-03	-2.797966e-20	-1.293128e-20	-3.763697e-20	-3.174977e-20	-5.887208e-21
289.5         	1.388423e+00	6.942117e-01	6.942117e-01	-2.393111e-01	-1.245442e-01	-1.147669e-01	-4.888649e-03	-2.837705e-20	-1.314066e-20	-3.831026e-20	-3.229579e-20	-6.014463e-21
289.75        	1.390375e+00	6.951877e-01	6.951877e-01	-2.713715e-01	-1.404148e-01	-1.309567e-01	-4.729045e-03	-2.873249e-20	-1.333518e-20	-3.893102e-20	-3.280069e-20	-6.130334e-21
290           	1.392564e+00	6.962821e-01	6.962821e-01	-2.986734e-01	-1.538233e-01	-1.448501e-01	-4.486563e-03	-2.903065e-20	-1.350842e-20	-3.949540e-20	-3.325612e-20	-6.239273e-21
290.25        	1.395709e+00	6.978545e-01	6.978545e-01	-3.206469e-01	-1.644888e-01	-1.561582e-01	-4.165305e-03	-2.926788e-20	-1.366761e-20	-4.006850e-20	-3.370186e-20	-6.366634e-21
290.5         	1.398028e+00	6.990139e-01	6.990139e-01	-3.369467e-01	-1.722443e-01	-1.647024e-01	-3.770959e-03	-2.943242e-20	-1.378734e-20	-4.050184e-20	-3.403825e-20	-6.463582e-21
290.75        	1.400203e+00	7.001015e-01	7.001015e-01	-3.470214e-01	-1.768213e-01	-1.702001e-01	-3.310617e-03	-2.952028e-20	-1.387870e-20	-4.085331e-20	-3.430536e-20	-6.547949e-21
291           	1.402784e+00	7.013921e-01	7.013921e-01	-3.516521e-01	-1.786186e-01	-1.730335e-01	-2.792574e-03	-2.954359e-20	-1.395173e-20	-4.122392e-20	-3.456368e-20	-6.660230e-21
291.25        	1.404565e+00	7.022827e-01	7.022827e-01	-3.498508e-01	-1.771517e-01	-1.726991e-01	-2.226342e-03	-2.948506e-20	-1.399065e-20	-4.149071e-20	-3.473601e-20	-6.754705e-21
291.5         	1.405657e+00	7.028286e-01	7.028286e-01	-3.420537e-01	-1.726490e-01	-1.694047e-01	-1.622141e-03	-2.935197e-20	-1.399763e-20	-4.164763e-20	-3.482145e-20	-6.826182e-21
291.75        	1.406270e+00	7.031348e-01	7.031348e-01	-3.286379e-01	-1.653097e-01	-1.633282e-01	-9.907568e-04	-2.915061e-20	-1.397941e-20	-4.173591e-20	-3.484737e-20	-6.888543e-21
292           	1.406339e+00	7.031696e-01	7.031696e-01	-3.094705e-01	-1.550786e-01	-1.543919e-01	-3.433731e-04	-2.888111e-20	-1.393458e-20	-4.175440e-20	-3.481178e-20	-6.942620e-21
292.25        	1.405126e+00	7.025628e-01	7.025628e-01	-2.850607e-01	-1.422216e-01	-1.428391e-01	3.087513e-04	-2.854774e-20	-1.385512e-20	-4.162140e-20	-3.466582e-20	-6.955578e-21
292.5         	1.403447e+00	7.017235e-01	7.017235e-01	-2.556392e-01	-1.268651e-01	-1.287741e-01	9.544820e-04	-2.815857e-20	-1.375163e-20	-4.141087e-20	-3.445706e-20	-6.953809e-21
292.75        	1.401441e+00	7.007203e-01	7.007203e-01	-2.220064e-01	-1.094202e-01	-1.125861e-01	1.582954e-03	-2.772617e-20	-1.362562e-20	-4.112968e-20	-3.419046e-20	-6.939224e-21
293           	1.399117e+00	6.995587e-01	6.995587e-01	-1.842360e-01	-8.993432e-02	-9.430171e-02	2.183694e-03	-2.725320e-20	-1.347565e-20	-4.077229e-20	-3.386179e-20	-6.910495e-21
293.25        	1.396342e+00	6.981712e-01	6.981712e-01	-1.431709e-01	-6.883872e-02	-7.433219e-02	2.746736e-03	-2.675128e-20	-1.330227e-20	-4.030570e-20	-3.345511e-20	-6.850581e-21
293.5         	1.393577e+00	6.967887e-01	6.967887e-01	-1.001347e-01	-4.680457e-02	-5.333015e-02	3.262788e-03	-2.624043e-20	-1.311265e-20	-3.974331e-20	-3.298431e-20	-6.759002e-21
293.75        	1.391043e+00	6.955214e-01	6.955214e-01	-5.533833e-02	-2.394591e-02	-3.139242e-02	3.723255e-03	-2.572529e-20	-1.290786e-20	-3.911002e-20	-3.246287e-20	-6.647144e-21
294           	1.388887e+00	6.944436e-01	6.944436e-01	-9.658225e-03	-7.086300e-04	-8.949595e-03	4.120482e-03	-2.521667e-20	-1.269060e-20	-3.838922e-20	-3.188521e-20	-6.504007e-21
294.25        	1.387319e+00	6.936597e-01	6.936597e-01	3.684027e-02	2.286779e-02	1.397248e-02	4.447655e-03	-2.471282e-20	-1.246577e-20	-3.764715e-20	-3.128934e-20	-6.357807e-21
294.5         	1.386212e+00	6.931059e-01	6.931059e-01	8.239304e-02	4.589562e-02	3.649742e-02	4.699098e-03	-2.423565e-20	-1.224121e-20	-3.685702e-20	-3.066972e-20	-6.187296e-21
294.75        	1.385698e+00	6.928492e-01	6.928492e-01	1.266028e-01	6.817150e-02	5.843131e-02	4.870095e-03	-2.378641e-20	-1.201952e-20	-3.604952e-20	-3.004428e-20	-6.005243e-21
295           	1.385958e+00	6.929788e-01	6.929788e-01	1.688283e-01	8.937140e-02	7.945686e-02	4.957267e-03	-2.337239e-20	-1.180957e-20	-3.523523e-20	-2.942718e-20	-5.808046e-21
295.25        	1.387087e+00	6.935435e-01	6.935435e-01	2.084970e-01	1.092071e-01	9.928990e-02	4.958621e-03	-2.299632e-20	-1.161700e-20	-3.448221e-20	-2.885810e-20	-5.624101e-21
295.5         	1.388585e+00	6.942923e-01	6.942923e-01	2.434897e-01	1.266186e-01	1.168711e-01	4.873758e-03	-2.267990e-20	-1.144305e-20	-3.374873e-20	-2.831742e-20	-5.431309e-21
295.75        	1.390562e+00	6.952808e-01	6.952808e-01	2.751921e-01	1.422997e-01	1.328924e-01	4.703665e-03	-2.240289e-20	-1.129043e-20	-3.306688e-20	-2.782387e-20	-5.243003e-21
296           	1.392999e+00	6.964993e-01	6.964993e-01	3.017544e-01	1.553283e-01	1.464261e-01	4.451123e-03	-2.218465e-20	-1.116529e-20	-3.246315e-20	-2.739687e-20	-5.066279e-21
296.25        	1.395911e+00	6.979554e-01	6.979554e-01	3.228825e-01	1.655617e-01	1.573208e-01	4.120427e-03	-2.202575e-20	-1.106761e-20	-3.198172e-20	-2.705847e-20	-4.923245e-21
296.5         	1.398541e+00	6.992703e-01	6.992703e-01	3.384809e-01	1.729579e-01	1.655230e-01	3.717428e-03	-2.192257e-20	-1.099185e-20	-3.155590e-20	-2.676980e-20	-4.786100e-21
296.75        	1.400840e+00	7.004202e-01	7.004202e-01	3.481621e-01	1.773304e-01	1.708316e-01	3.249381e-03	-2.187630e-20	-1.093972e-20	-3.120802e-20	-2.654374e-20	-4.664288e-21
297           	1.402988e+00	7.014942e-01	7.014942e-01	3.516562e-01	1.785529e-01	1.731033e-01	2.724801e-03	-2.189006e-20	-1.090968e-20	-3.100129e-20	-2.641033e-20	-4.590959e-21
297.25        	1.404941e+00	7.024706e-01	7.024706e-01	3.492477e-01	1.767771e-01	1.724706e-01	2.153219e-03	-2.195880e-20	-1.090186e-20	-3.089301e-20	-2.634836e-20	-4.544649e-21
297.5         	1.405565e+00	7.027827e-01	7.027827e-01	3.408276e-01	1.719588e-01	1.688688e-01	1.544996e-03	-2.208011e-20	-1.090481e-20	-3.081004e-20	-2.630983e-20	-4.500212e-21
297.75        	1.406185e+00	7.030925e-01	7.030925e-01	3.264199e-01	1.641209e-01	1.622990e-01	9.109824e-04	-2.225814e-20	-1.093082e-20	-3.086290e-20	-2.636227e-20	-4.500632e-21
298           	1.406013e+00	7.030063e-01	7.030063e-01	3.065121e-01	1.535184e-01	1.529937e-01	2.623588e-04	-2.248537e-20	-1.097104e-20	-3.098505e-20	-2.646356e-20	-4.521489e-21
298.25        	1.404856e+00	7.024280e-01	7.024280e-01	2.816230e-01	1.404219e-01	1.412011e-01	-3.896211e-04	-2.275621e-20	-1.102349e-20	-3.115589e-20	-2.660144e-20	-4.554455e-21
298.5         	1.403149e+00	7.015746e-01	7.015746e-01	2.517958e-01	1.248641e-01	1.269318e-01	-1.033832e-03	-2.307353e-20	-1.109152e-20	-3.139503e-20	-2.678904e-20	-4.605995e-21
298.75        	1.401216e+00	7.006080e-01	7.006080e-01	2.175559e-01	1.071185e-01	1.104374e-01	-1.659442e-03	-2.343486e-20	-1.118157e-20	-3.174106e-20	-2.705210e-20	-4.688965e-21
299           	1.398711e+00	6.993554e-01	6.993554e-01	1.793772e-01	8.743256e-02	9.194466e-02	-2.256050e-03	-2.383475e-20	-1.128857e-20	-3.215439e-20	-2.736576e-20	-4.788624e-21
299.25        	1.396206e+00	6.981032e-01	6.981032e-01	1.382811e-01	6.632678e-02	7.195434e-02	-2.813779e-03	-2.426631e-20	-1.141691e-20	-3.262661e-20	-2.773022e-20	-4.896394e-21
299.5         	1.393369e+00	6.966844e-01	6.966844e-01	9.484434e-02	4.409880e-02	5.074554e-02	-3.323368e-03	-2.472385e-20	-1.155947e-20	-3.314055e-20	-2.812975e-20	-5.010802e-21
299.75        	1.390822e+00	6.954112e-01	6.954112e-01	4.986533e-02	2.115629e-02	2.870905e-02	-3.776381e-03	-2.520298e-20	-1.172305e-20	-3.371607e-20	-2.858108e-20	-5.134987e-21
300           	1.388634e+00	6.943172e-01	6.943172e-01	3.955125e-03	-2.187686e-03	6.142811e-03	-4.165249e-03	-2.569667e-20	-1.190715e-20	-3.431807e-20	-2.906619e-20	-5.251881e-21
