Time        	Cd            	Cd(f)         	Cd(r)         	Cl            	Cl(f)         	Cl(r)         	CmPitch       	CmRoll        	CmYaw         	Cs            	Cs(f)         	Cs(r)         
200.25        	1.505166e+00	7.525829e-01	7.525829e-01	2.555332e-01	1.323942e-01	1.231390e-01	4.627620e-03	-2.167565e-20	-1.261013e-20	-3.067978e-20	-2.795002e-20	-2.729759e-21
200.5         	1.497917e+00	7.489583e-01	7.489583e-01	2.764295e-01	1.426520e-01	1.337775e-01	4.437277e-03	-2.146621e-20	-1.237341e-20	-3.110536e-20	-2.792609e-20	-3.179271e-21
200.75        	1.491435e+00	7.457173e-01	7.457173e-01	2.919555e-01	1.501540e-01	1.418015e-01	4.176251e-03	-2.126678e-20	-1.220820e-20	-3.082250e-20	-2.761945e-20	-3.203053e-21
201           	1.485892e+00	7.429460e-01	7.429460e-01	3.023783e-01	1.550432e-01	1.473351e-01	3.854049e-03	-2.109301e-20	-1.210074e-20	-3.055641e-20	-2.737894e-20	-3.177461e-21
201.25        	1.480669e+00	7.403347e-01	7.403347e-01	3.069382e-01	1.569458e-01	1.499924e-01	3.476722e-03	-2.096267e-20	-1.203343e-20	-3.033653e-20	-2.720170e-20	-3.134838e-21
201.5         	1.476366e+00	7.381832e-01	7.381832e-01	3.065963e-01	1.563485e-01	1.502479e-01	3.050301e-03	-2.087862e-20	-1.200481e-20	-3.021709e-20	-2.711336e-20	-3.103737e-21
201.75        	1.472553e+00	7.362765e-01	7.362765e-01	3.011420e-01	1.531526e-01	1.479894e-01	2.581634e-03	-2.085091e-20	-1.200442e-20	-3.015953e-20	-2.708418e-20	-3.075343e-21
202           	1.469261e+00	7.346307e-01	7.346307e-01	2.910838e-01	1.476203e-01	1.434635e-01	2.078428e-03	-2.088201e-20	-1.202656e-20	-3.019002e-20	-2.712157e-20	-3.068451e-21
202.25        	1.465893e+00	7.329467e-01	7.329467e-01	2.765537e-01	1.398259e-01	1.367278e-01	1.549067e-03	-2.097287e-20	-1.206150e-20	-3.023780e-20	-2.718040e-20	-3.057396e-21
202.5         	1.462701e+00	7.313503e-01	7.313503e-01	2.577188e-01	1.298616e-01	1.278573e-01	1.002147e-03	-2.112505e-20	-1.211110e-20	-3.033996e-20	-2.728108e-20	-3.058882e-21
202.75        	1.459549e+00	7.297744e-01	7.297744e-01	2.354543e-01	1.181739e-01	1.172804e-01	4.467687e-04	-2.132752e-20	-1.217205e-20	-3.049063e-20	-2.741737e-20	-3.073265e-21
203           	1.456615e+00	7.283075e-01	7.283075e-01	2.095185e-01	1.046511e-01	1.048674e-01	-1.081425e-04	-2.158331e-20	-1.224791e-20	-3.070178e-20	-2.759880e-20	-3.102979e-21
203.25        	1.453521e+00	7.267607e-01	7.267607e-01	1.811140e-01	8.990308e-02	9.121095e-02	-6.539360e-04	-2.187443e-20	-1.233036e-20	-3.093807e-20	-2.779940e-20	-3.138676e-21
203.5         	1.450851e+00	7.254257e-01	7.254257e-01	1.502749e-01	7.395518e-02	7.631976e-02	-1.182289e-03	-2.220145e-20	-1.242851e-20	-3.124418e-20	-2.805060e-20	-3.193578e-21
203.75        	1.448146e+00	7.240730e-01	7.240730e-01	1.175901e-01	5.710957e-02	6.048052e-02	-1.685480e-03	-2.255252e-20	-1.253162e-20	-3.157051e-20	-2.831687e-20	-3.253635e-21
204           	1.445909e+00	7.229546e-01	7.229546e-01	8.380304e-02	3.974494e-02	4.405809e-02	-2.156575e-03	-2.291983e-20	-1.264569e-20	-3.195241e-20	-2.862190e-20	-3.330519e-21
204.25        	1.443897e+00	7.219483e-01	7.219483e-01	4.916393e-02	2.199313e-02	2.717080e-02	-2.588837e-03	-2.329870e-20	-1.276367e-20	-3.234715e-20	-2.893725e-20	-3.409899e-21
204.5         	1.442211e+00	7.211057e-01	7.211057e-01	1.437577e-02	4.212026e-03	1.016374e-02	-2.975856e-03	-2.367902e-20	-1.288477e-20	-3.277124e-20	-2.927039e-20	-3.500853e-21
204.75        	1.441046e+00	7.205231e-01	7.205231e-01	-1.974280e-02	-1.318438e-02	-6.558427e-03	-3.312975e-03	-2.405225e-20	-1.300713e-20	-3.319360e-20	-2.960393e-20	-3.589667e-21
205           	1.439997e+00	7.199985e-01	7.199985e-01	-5.319401e-02	-3.019365e-02	-2.300036e-02	-3.596645e-03	-2.441418e-20	-1.312433e-20	-3.362294e-20	-2.993580e-20	-3.687136e-21
205.25        	1.439317e+00	7.196586e-01	7.196586e-01	-8.524092e-02	-4.644361e-02	-3.879732e-02	-3.823146e-03	-2.475754e-20	-1.323565e-20	-3.404771e-20	-3.025951e-20	-3.788204e-21
205.5         	1.439000e+00	7.195002e-01	7.195002e-01	-1.155826e-01	-6.178198e-02	-5.380059e-02	-3.990694e-03	-2.507861e-20	-1.334018e-20	-3.447709e-20	-3.057873e-20	-3.898363e-21
205.75        	1.438808e+00	7.194042e-01	7.194042e-01	-1.436380e-01	-7.591694e-02	-6.772102e-02	-4.097963e-03	-2.537021e-20	-1.343264e-20	-3.487718e-20	-3.087123e-20	-4.005948e-21
206           	1.438653e+00	7.193265e-01	7.193265e-01	-1.690801e-01	-8.868386e-02	-8.039627e-02	-4.143799e-03	-2.562823e-20	-1.351245e-20	-3.525271e-20	-3.113881e-20	-4.113903e-21
206.25        	1.438454e+00	7.192268e-01	7.192268e-01	-1.919420e-01	-1.000989e-01	-9.184311e-02	-4.127888e-03	-2.585405e-20	-1.357855e-20	-3.559701e-20	-3.137706e-20	-4.219955e-21
206.5         	1.438729e+00	7.193645e-01	7.193645e-01	-2.115252e-01	-1.098142e-01	-1.017110e-01	-4.051641e-03	-2.604231e-20	-1.363753e-20	-3.593907e-20	-3.160707e-20	-4.332006e-21
206.75        	1.438571e+00	7.192857e-01	7.192857e-01	-2.275450e-01	-1.176893e-01	-1.098557e-01	-3.916824e-03	-2.618634e-20	-1.367778e-20	-3.622664e-20	-3.179110e-20	-4.435543e-21
207           	1.438317e+00	7.191587e-01	7.191587e-01	-2.405422e-01	-1.239975e-01	-1.165447e-01	-3.726422e-03	-2.629630e-20	-1.370472e-20	-3.647562e-20	-3.194253e-20	-4.533093e-21
207.25        	1.438098e+00	7.190491e-01	7.190491e-01	-2.499318e-01	-1.284502e-01	-1.214815e-01	-3.484346e-03	-2.636548e-20	-1.372082e-20	-3.669945e-20	-3.207054e-20	-4.628910e-21
207.5         	1.437590e+00	7.187951e-01	7.187951e-01	-2.556092e-01	-1.309997e-01	-1.246095e-01	-3.195106e-03	-2.639236e-20	-1.372204e-20	-3.687413e-20	-3.215910e-20	-4.715027e-21
207.75        	1.436815e+00	7.184077e-01	7.184077e-01	-2.578821e-01	-1.318049e-01	-1.260772e-01	-2.863840e-03	-2.638212e-20	-1.371036e-20	-3.700347e-20	-3.221210e-20	-4.791375e-21
208           	1.435861e+00	7.179304e-01	7.179304e-01	-2.565106e-01	-1.307516e-01	-1.257590e-01	-2.496282e-03	-2.633138e-20	-1.368640e-20	-3.709105e-20	-3.223193e-20	-4.859120e-21
208.25        	1.434578e+00	7.172892e-01	7.172892e-01	-2.516883e-01	-1.279426e-01	-1.237458e-01	-2.098390e-03	-2.624359e-20	-1.364884e-20	-3.712565e-20	-3.221167e-20	-4.913984e-21
208.5         	1.433078e+00	7.165390e-01	7.165390e-01	-2.439171e-01	-1.236351e-01	-1.202820e-01	-1.676562e-03	-2.612601e-20	-1.360039e-20	-3.711235e-20	-3.215656e-20	-4.955790e-21
208.75        	1.431464e+00	7.157318e-01	7.157318e-01	-2.326249e-01	-1.175496e-01	-1.150752e-01	-1.237211e-03	-2.597237e-20	-1.354087e-20	-3.705548e-20	-3.206861e-20	-4.986869e-21
209           	1.429633e+00	7.148165e-01	7.148165e-01	-2.187628e-01	-1.101682e-01	-1.085946e-01	-7.867801e-04	-2.579446e-20	-1.347089e-20	-3.694792e-20	-3.194485e-20	-5.003071e-21
209.25        	1.427622e+00	7.138110e-01	7.138110e-01	-2.020555e-01	-1.013595e-01	-1.006960e-01	-3.317651e-04	-2.558853e-20	-1.338942e-20	-3.678620e-20	-3.178252e-20	-5.003680e-21
209.5         	1.425501e+00	7.127505e-01	7.127505e-01	-1.829977e-01	-9.137728e-02	-9.162041e-02	1.215658e-04	-2.536109e-20	-1.329895e-20	-3.657510e-20	-3.158650e-20	-4.988600e-21
209.75        	1.423318e+00	7.116590e-01	7.116590e-01	-1.617770e-01	-8.032133e-02	-8.145571e-02	5.671880e-04	-2.511376e-20	-1.319809e-20	-3.632249e-20	-3.135933e-20	-4.963156e-21
210           	1.421168e+00	7.105841e-01	7.105841e-01	-1.384934e-01	-6.824729e-02	-7.024615e-02	9.994278e-04	-2.484845e-20	-1.308921e-20	-3.602002e-20	-3.109922e-20	-4.920794e-21
210.25        	1.419062e+00	7.095309e-01	7.095309e-01	-1.137607e-01	-5.546740e-02	-5.829325e-02	1.412929e-03	-2.457189e-20	-1.297444e-20	-3.568352e-20	-3.081620e-20	-4.867317e-21
210.5         	1.416975e+00	7.084876e-01	7.084876e-01	-8.771930e-02	-4.205719e-02	-4.566211e-02	1.802462e-03	-2.428479e-20	-1.285317e-20	-3.530282e-20	-3.050458e-20	-4.798238e-21
210.75        	1.414889e+00	7.074445e-01	7.074445e-01	-6.092688e-02	-2.830013e-02	-3.262675e-02	2.163310e-03	-2.399292e-20	-1.272831e-20	-3.488125e-20	-3.016894e-20	-4.712317e-21
211           	1.413442e+00	7.067208e-01	7.067208e-01	-3.373004e-02	-1.437343e-02	-1.935661e-02	2.491587e-03	-2.370319e-20	-1.260691e-20	-3.446720e-20	-2.984051e-20	-4.626694e-21
211.25        	1.411978e+00	7.059891e-01	7.059891e-01	-6.260497e-03	-3.461603e-04	-5.914337e-03	2.784088e-03	-2.341188e-20	-1.248222e-20	-3.401139e-20	-2.948792e-20	-4.523470e-21
211.5         	1.410708e+00	7.053540e-01	7.053540e-01	2.098050e-02	1.352769e-02	7.452815e-03	3.037436e-03	-2.312515e-20	-1.236123e-20	-3.355154e-20	-2.913700e-20	-4.414543e-21
211.75        	1.409699e+00	7.048497e-01	7.048497e-01	4.769487e-02	2.709603e-02	2.059884e-02	3.248597e-03	-2.284684e-20	-1.224504e-20	-3.308441e-20	-2.878725e-20	-4.297166e-21
212           	1.408950e+00	7.044749e-01	7.044749e-01	7.356462e-02	4.019787e-02	3.336675e-02	3.415562e-03	-2.257983e-20	-1.213584e-20	-3.262782e-20	-2.844975e-20	-4.178068e-21
212.25        	1.408237e+00	7.041184e-01	7.041184e-01	9.826138e-02	5.266757e-02	4.559381e-02	3.536878e-03	-2.232612e-20	-1.203294e-20	-3.217374e-20	-2.811981e-20	-4.053925e-21
212.5         	1.407689e+00	7.038443e-01	7.038443e-01	1.215583e-01	6.439094e-02	5.716734e-02	3.611797e-03	-2.208889e-20	-1.193808e-20	-3.172772e-20	-2.780195e-20	-3.925776e-21
212.75        	1.407399e+00	7.036994e-01	7.036994e-01	1.429920e-01	7.513585e-02	6.785614e-02	3.639858e-03	-2.187314e-20	-1.185332e-20	-3.130752e-20	-2.750708e-20	-3.800444e-21
213           	1.407322e+00	7.036608e-01	7.036608e-01	1.624156e-01	8.482860e-02	7.758697e-02	3.620815e-03	-2.168039e-20	-1.177963e-20	-3.091538e-20	-2.723732e-20	-3.678057e-21
213.25        	1.406932e+00	7.034661e-01	7.034661e-01	1.797738e-01	9.344214e-02	8.633166e-02	3.555242e-03	-2.150803e-20	-1.171079e-20	-3.052540e-20	-2.697350e-20	-3.551906e-21
213.5         	1.406859e+00	7.034296e-01	7.034296e-01	1.944834e-01	1.006859e-01	9.379746e-02	3.444218e-03	-2.136656e-20	-1.165566e-20	-3.017497e-20	-2.674314e-20	-3.431825e-21
213.75        	1.406607e+00	7.033033e-01	7.033033e-01	2.068004e-01	1.066896e-01	1.001108e-01	3.289393e-03	-2.124887e-20	-1.160753e-20	-2.985173e-20	-2.653339e-20	-3.318335e-21
214           	1.406257e+00	7.031285e-01	7.031285e-01	2.164770e-01	1.113318e-01	1.051453e-01	3.093245e-03	-2.116009e-20	-1.156957e-20	-2.955063e-20	-2.634489e-20	-3.205741e-21
214.25        	1.405852e+00	7.029259e-01	7.029259e-01	2.232593e-01	1.144884e-01	1.087709e-01	2.858775e-03	-2.110256e-20	-1.154017e-20	-2.928262e-20	-2.618148e-20	-3.101143e-21
214.5         	1.405482e+00	7.027408e-01	7.027408e-01	2.274198e-01	1.162993e-01	1.111205e-01	2.589394e-03	-2.107368e-20	-1.152029e-20	-2.906316e-20	-2.605187e-20	-3.011294e-21
214.75        	1.404855e+00	7.024274e-01	7.024274e-01	2.286769e-01	1.166274e-01	1.120495e-01	2.288945e-03	-2.107486e-20	-1.150688e-20	-2.885731e-20	-2.593554e-20	-2.921774e-21
215           	1.404079e+00	7.020393e-01	7.020393e-01	2.271375e-01	1.155305e-01	1.116070e-01	1.961713e-03	-2.110615e-20	-1.150141e-20	-2.869204e-20	-2.584743e-20	-2.844616e-21
215.25        	1.403104e+00	7.015520e-01	7.015520e-01	2.229058e-01	1.130651e-01	1.098406e-01	1.612242e-03	-2.116546e-20	-1.150320e-20	-2.855845e-20	-2.578242e-20	-2.776029e-21
215.5         	1.402030e+00	7.010148e-01	7.010148e-01	2.159993e-01	1.092449e-01	1.067544e-01	1.245263e-03	-2.125357e-20	-1.151307e-20	-2.846359e-20	-2.574487e-20	-2.718720e-21
215.75        	1.400673e+00	7.003363e-01	7.003363e-01	2.066958e-01	1.042136e-01	1.024822e-01	8.657021e-04	-2.136655e-20	-1.152919e-20	-2.839888e-20	-2.572863e-20	-2.670252e-21
216           	1.399172e+00	6.995858e-01	6.995858e-01	1.948460e-01	9.790145e-02	9.694452e-02	4.784665e-04	-2.150675e-20	-1.155345e-20	-2.836542e-20	-2.573616e-20	-2.629267e-21
216.25        	1.397700e+00	6.988500e-01	6.988500e-01	1.808784e-01	9.052780e-02	9.035062e-02	8.859303e-05	-2.167006e-20	-1.158699e-20	-2.838186e-20	-2.577792e-20	-2.603940e-21
216.5         	1.396162e+00	6.980812e-01	6.980812e-01	1.647847e-01	8.209325e-02	8.269142e-02	-2.990863e-04	-2.185601e-20	-1.162987e-20	-2.844138e-20	-2.585056e-20	-2.590819e-21
216.75        	1.394522e+00	6.972612e-01	6.972612e-01	1.468909e-01	7.276556e-02	7.412537e-02	-6.799025e-04	-2.206078e-20	-1.167956e-20	-2.853154e-20	-2.594533e-20	-2.586214e-21
217           	1.392840e+00	6.964198e-01	6.964198e-01	1.273173e-01	6.260936e-02	6.470796e-02	-1.049299e-03	-2.228277e-20	-1.173804e-20	-2.866114e-20	-2.606861e-20	-2.592530e-21
217.25        	1.391213e+00	6.956063e-01	6.956063e-01	1.064090e-01	5.180147e-02	5.460752e-02	-1.403025e-03	-2.251841e-20	-1.180384e-20	-2.882239e-20	-2.621504e-20	-2.607350e-21
217.5         	1.389528e+00	6.947639e-01	6.947639e-01	8.408401e-02	4.030506e-02	4.377895e-02	-1.736949e-03	-2.276797e-20	-1.187721e-20	-2.902259e-20	-2.638851e-20	-2.634082e-21
217.75        	1.388096e+00	6.940481e-01	6.940481e-01	6.116531e-02	2.853544e-02	3.262987e-02	-2.047214e-03	-2.302361e-20	-1.195812e-20	-2.925254e-20	-2.658439e-20	-2.668149e-21
218           	1.386812e+00	6.934059e-01	6.934059e-01	3.759947e-02	1.646914e-02	2.113033e-02	-2.330598e-03	-2.328486e-20	-1.204465e-20	-2.951570e-20	-2.680250e-20	-2.713197e-21
218.25        	1.385492e+00	6.927458e-01	6.927458e-01	1.357346e-02	4.202325e-03	9.371133e-03	-2.584404e-03	-2.354803e-20	-1.213404e-20	-2.979033e-20	-2.702921e-20	-2.761124e-21
218.5         	1.384614e+00	6.923070e-01	6.923070e-01	-1.019955e-02	-7.905317e-03	-2.294237e-03	-2.805540e-03	-2.380793e-20	-1.222851e-20	-3.009584e-20	-2.727643e-20	-2.819409e-21
218.75        	1.383868e+00	6.919341e-01	6.919341e-01	-3.382690e-02	-1.990474e-02	-1.392216e-02	-2.991292e-03	-2.406428e-20	-1.232367e-20	-3.040608e-20	-2.752671e-20	-2.879368e-21
219           	1.383169e+00	6.915846e-01	6.915846e-01	-5.701066e-02	-3.164545e-02	-2.536521e-02	-3.140122e-03	-2.431233e-20	-1.241594e-20	-3.072204e-20	-2.777696e-20	-2.945078e-21
219.25        	1.382719e+00	6.913593e-01	6.913593e-01	-7.921299e-02	-4.285724e-02	-3.635574e-02	-3.250750e-03	-2.454718e-20	-1.250694e-20	-3.104122e-20	-2.802754e-20	-3.013671e-21
219.5         	1.382482e+00	6.912409e-01	6.912409e-01	-1.004594e-01	-5.355162e-02	-4.690775e-02	-3.321933e-03	-2.476914e-20	-1.259474e-20	-3.136813e-20	-2.827881e-20	-3.089321e-21
219.75        	1.382290e+00	6.911451e-01	6.911451e-01	-1.203652e-01	-6.353610e-02	-5.682910e-02	-3.353502e-03	-2.497375e-20	-1.267588e-20	-3.168222e-20	-2.851699e-20	-3.165228e-21
220           	1.382221e+00	6.911107e-01	6.911107e-01	-1.387614e-01	-7.272571e-02	-6.603573e-02	-3.344993e-03	-2.515894e-20	-1.275203e-20	-3.198144e-20	-2.874275e-20	-3.238692e-21
220.25        	1.382307e+00	6.911534e-01	6.911534e-01	-1.553049e-01	-8.094880e-02	-7.435614e-02	-3.296330e-03	-2.532172e-20	-1.282208e-20	-3.227784e-20	-2.896100e-20	-3.316835e-21
220.5         	1.382286e+00	6.911430e-01	6.911430e-01	-1.699145e-01	-8.816553e-02	-8.174902e-02	-3.208250e-03	-2.545968e-20	-1.288218e-20	-3.255260e-20	-2.915848e-20	-3.394116e-21
220.75        	1.382486e+00	6.912431e-01	6.912431e-01	-1.825606e-01	-9.436210e-02	-8.819848e-02	-3.081809e-03	-2.557597e-20	-1.293664e-20	-3.281018e-20	-2.934172e-20	-3.468453e-21
221           	1.382541e+00	6.912704e-01	6.912704e-01	-1.927978e-01	-9.931746e-02	-9.348034e-02	-2.918559e-03	-2.566260e-20	-1.298030e-20	-3.303749e-20	-2.949904e-20	-3.538449e-21
221.25        	1.382545e+00	6.912723e-01	6.912723e-01	-2.009903e-01	-1.032158e-01	-9.777456e-02	-2.720605e-03	-2.572593e-20	-1.301449e-20	-3.323856e-20	-2.963377e-20	-3.604791e-21
221.5         	1.382552e+00	6.912762e-01	6.912762e-01	-2.063860e-01	-1.056836e-01	-1.007023e-01	-2.490653e-03	-2.575737e-20	-1.303961e-20	-3.341132e-20	-2.974527e-20	-3.666044e-21
221.75        	1.382455e+00	6.912276e-01	6.912276e-01	-2.095512e-01	-1.070071e-01	-1.025441e-01	-2.231527e-03	-2.576389e-20	-1.305529e-20	-3.355980e-20	-2.983519e-20	-3.724615e-21
222           	1.382085e+00	6.910427e-01	6.910427e-01	-2.101954e-01	-1.070444e-01	-1.031510e-01	-1.946683e-03	-2.574156e-20	-1.305850e-20	-3.366004e-20	-2.988852e-20	-3.771525e-21
222.25        	1.381792e+00	6.908959e-01	6.908959e-01	-2.084332e-01	-1.058563e-01	-1.025769e-01	-1.639710e-03	-2.569390e-20	-1.305498e-20	-3.374536e-20	-2.992767e-20	-3.817697e-21
222.5         	1.381188e+00	6.905938e-01	6.905938e-01	-2.042086e-01	-1.034189e-01	-1.007897e-01	-1.314573e-03	-2.561918e-20	-1.303896e-20	-3.378241e-20	-2.993017e-20	-3.852241e-21
222.75        	1.380488e+00	6.902441e-01	6.902441e-01	-1.975723e-01	-9.976148e-02	-9.781084e-02	-9.753186e-04	-2.551865e-20	-1.301388e-20	-3.378151e-20	-2.990464e-20	-3.876873e-21
223           	1.379687e+00	6.898434e-01	6.898434e-01	-1.888268e-01	-9.503948e-02	-9.378731e-02	-6.260851e-04	-2.539724e-20	-1.297969e-20	-3.375031e-20	-2.985484e-20	-3.895469e-21
223.25        	1.378625e+00	6.893126e-01	6.893126e-01	-1.778719e-01	-8.920724e-02	-8.866465e-02	-2.712940e-04	-2.525246e-20	-1.293448e-20	-3.367234e-20	-2.977065e-20	-3.901687e-21
223.5         	1.377653e+00	6.888267e-01	6.888267e-01	-1.649301e-01	-8.238017e-02	-8.254996e-02	8.489166e-05	-2.509001e-20	-1.288202e-20	-3.356612e-20	-2.966508e-20	-3.901045e-21
223.75        	1.376526e+00	6.882630e-01	6.882630e-01	-1.501487e-01	-7.463616e-02	-7.551251e-02	4.381770e-04	-2.490936e-20	-1.281925e-20	-3.342002e-20	-2.952926e-20	-3.890760e-21
224           	1.375385e+00	6.876923e-01	6.876923e-01	-1.336569e-01	-6.604400e-02	-6.761294e-02	7.844694e-04	-2.471315e-20	-1.274934e-20	-3.323922e-20	-2.936895e-20	-3.870266e-21
224.25        	1.374176e+00	6.870881e-01	6.870881e-01	-1.156834e-01	-5.672194e-02	-5.896143e-02	1.119749e-03	-2.450357e-20	-1.267026e-20	-3.302428e-20	-2.918240e-20	-3.841880e-21
224.5         	1.372996e+00	6.864982e-01	6.864982e-01	-9.642835e-02	-4.677391e-02	-4.965444e-02	1.440269e-03	-2.428344e-20	-1.258494e-20	-3.277450e-20	-2.897219e-20	-3.802308e-21
224.75        	1.371765e+00	6.858826e-01	6.858826e-01	-7.602524e-02	-3.627018e-02	-3.975506e-02	1.742437e-03	-2.405333e-20	-1.249240e-20	-3.249309e-20	-2.873894e-20	-3.754143e-21
225           	1.370779e+00	6.853893e-01	6.853893e-01	-5.496856e-02	-2.546138e-02	-2.950718e-02	2.022898e-03	-2.382098e-20	-1.239772e-20	-3.219115e-20	-2.849329e-20	-3.697856e-21
225.25        	1.369794e+00	6.848968e-01	6.848968e-01	-3.321751e-02	-1.433008e-02	-1.888742e-02	2.278668e-03	-2.358361e-20	-1.229842e-20	-3.186360e-20	-2.823022e-20	-3.633382e-21
225.5         	1.368887e+00	6.844435e-01	6.844435e-01	-1.111044e-02	-3.048157e-03	-8.062281e-03	2.507062e-03	-2.334473e-20	-1.219623e-20	-3.151164e-20	-2.795206e-20	-3.559588e-21
225.75        	1.368317e+00	6.841583e-01	6.841583e-01	1.095416e-02	8.182475e-03	2.771687e-03	2.705394e-03	-2.311056e-20	-1.209636e-20	-3.115704e-20	-2.767488e-20	-3.482154e-21
226           	1.367767e+00	6.838837e-01	6.838837e-01	3.270409e-02	1.922335e-02	1.348074e-02	2.871302e-03	-2.288200e-20	-1.199716e-20	-3.078843e-20	-2.739137e-20	-3.397052e-21
226.25        	1.367376e+00	6.836878e-01	6.836878e-01	5.425478e-02	3.013105e-02	2.412373e-02	3.003660e-03	-2.265710e-20	-1.189930e-20	-3.040953e-20	-2.710406e-20	-3.305466e-21
226.5         	1.367311e+00	6.836553e-01	6.836553e-01	7.489330e-02	4.054766e-02	3.434564e-02	3.101008e-03	-2.244482e-20	-1.180854e-20	-3.004600e-20	-2.683154e-20	-3.214464e-21
226.75        	1.367200e+00	6.835999e-01	6.835999e-01	9.474542e-02	5.053487e-02	4.421055e-02	3.162159e-03	-2.224166e-20	-1.172039e-20	-2.967915e-20	-2.655996e-20	-3.119189e-21
227           	1.367234e+00	6.836168e-01	6.836168e-01	1.133820e-01	5.987794e-02	5.350401e-02	3.186964e-03	-2.205335e-20	-1.164020e-20	-2.932215e-20	-2.630128e-20	-3.020872e-21
227.25        	1.367583e+00	6.837917e-01	6.837917e-01	1.306498e-01	6.849997e-02	6.214979e-02	3.175087e-03	-2.188080e-20	-1.156730e-20	-2.898806e-20	-2.606133e-20	-2.926733e-21
227.5         	1.367709e+00	6.838546e-01	6.838546e-01	1.462385e-01	7.624556e-02	6.999297e-02	3.126291e-03	-2.172623e-20	-1.149886e-20	-2.865711e-20	-2.582741e-20	-2.829696e-21
227.75        	1.367895e+00	6.839473e-01	6.839473e-01	1.603328e-01	8.320748e-02	7.712528e-02	3.041103e-03	-2.158801e-20	-1.143783e-20	-2.834038e-20	-2.560802e-20	-2.732365e-21
228           	1.368346e+00	6.841729e-01	6.841729e-01	1.722789e-01	8.906011e-02	8.321877e-02	2.920674e-03	-2.147482e-20	-1.138743e-20	-2.805620e-20	-2.541553e-20	-2.640670e-21
228.25        	1.368772e+00	6.843859e-01	6.843859e-01	1.822993e-01	9.391583e-02	8.838350e-02	2.766166e-03	-2.138213e-20	-1.134535e-20	-2.779824e-20	-2.524447e-20	-2.553765e-21
228.5         	1.368888e+00	6.844439e-01	6.844439e-01	1.902646e-01	9.771169e-02	9.255288e-02	2.579403e-03	-2.131014e-20	-1.130764e-20	-2.755038e-20	-2.508283e-20	-2.467554e-21
228.75        	1.369172e+00	6.845862e-01	6.845862e-01	1.958556e-01	1.002906e-01	9.556503e-02	2.362761e-03	-2.126463e-20	-1.128101e-20	-2.733624e-20	-2.494913e-20	-2.387110e-21
229           	1.369311e+00	6.846557e-01	6.846557e-01	1.992536e-01	1.017456e-01	9.750793e-02	2.118849e-03	-2.124209e-20	-1.126079e-20	-2.715457e-20	-2.483807e-20	-2.316498e-21
229.25        	1.369313e+00	6.846563e-01	6.846563e-01	2.003331e-01	1.020172e-01	9.831589e-02	1.850656e-03	-2.124400e-20	-1.124740e-20	-2.699154e-20	-2.474317e-20	-2.248369e-21
229.5         	1.369215e+00	6.846076e-01	6.846076e-01	1.990610e-01	1.010919e-01	9.796909e-02	1.561418e-03	-2.127081e-20	-1.124185e-20	-2.686626e-20	-2.467498e-20	-2.191280e-21
229.75        	1.368928e+00	6.844639e-01	6.844639e-01	1.955369e-01	9.902314e-02	9.651377e-02	1.254684e-03	-2.132117e-20	-1.124258e-20	-2.676831e-20	-2.462674e-20	-2.141570e-21
230           	1.368556e+00	6.842781e-01	6.842781e-01	1.898558e-01	9.586213e-02	9.399369e-02	9.342203e-04	-2.139432e-20	-1.125104e-20	-2.669723e-20	-2.459966e-20	-2.097579e-21
230.25        	1.368046e+00	6.840228e-01	6.840228e-01	1.819645e-01	9.158610e-02	9.037837e-02	6.038630e-04	-2.149072e-20	-1.126699e-20	-2.666777e-20	-2.460088e-20	-2.066890e-21
230.5         	1.367380e+00	6.836902e-01	6.836902e-01	1.720896e-01	8.631231e-02	8.577731e-02	2.675021e-04	-2.160801e-20	-1.128939e-20	-2.666034e-20	-2.461956e-20	-2.040780e-21
230.75        	1.366698e+00	6.833489e-01	6.833489e-01	1.602225e-01	8.004053e-02	8.018199e-02	-7.072942e-05	-2.174700e-20	-1.132117e-20	-2.669874e-20	-2.467054e-20	-2.028202e-21
231           	1.365838e+00	6.829191e-01	6.829191e-01	1.466340e-01	7.290999e-02	7.372402e-02	-4.070171e-04	-2.190359e-20	-1.135884e-20	-2.676006e-20	-2.473888e-20	-2.021188e-21
231.25        	1.364994e+00	6.824968e-01	6.824968e-01	1.313635e-01	6.494425e-02	6.641926e-02	-7.375041e-04	-2.207792e-20	-1.140568e-20	-2.686228e-20	-2.483682e-20	-2.025462e-21
231.5         	1.364006e+00	6.820032e-01	6.820032e-01	1.146534e-01	5.626838e-02	5.838506e-02	-1.058339e-03	-2.226701e-20	-1.145848e-20	-2.699071e-20	-2.495384e-20	-2.036871e-21
231.75        	1.363134e+00	6.815668e-01	6.815668e-01	9.661385e-02	4.694093e-02	4.967292e-02	-1.365991e-03	-2.247047e-20	-1.151998e-20	-2.715774e-20	-2.509885e-20	-2.058892e-21
232           	1.362179e+00	6.810894e-01	6.810894e-01	7.746494e-02	3.707540e-02	4.038954e-02	-1.657069e-03	-2.268419e-20	-1.158792e-20	-2.735119e-20	-2.526351e-20	-2.087673e-21
232.25        	1.361394e+00	6.806968e-01	6.806968e-01	5.754205e-02	2.684266e-02	3.069938e-02	-1.928360e-03	-2.290621e-20	-1.166312e-20	-2.757980e-20	-2.545302e-20	-2.126780e-21
232.5         	1.360547e+00	6.802735e-01	6.802735e-01	3.677595e-02	1.621115e-02	2.056480e-02	-2.176829e-03	-2.313592e-20	-1.174286e-20	-2.782630e-20	-2.565601e-20	-2.170290e-21
232.75        	1.359919e+00	6.799596e-01	6.799596e-01	1.595349e-02	5.576861e-03	1.037663e-02	-2.399886e-03	-2.336533e-20	-1.182698e-20	-2.808830e-20	-2.587112e-20	-2.217173e-21
233           	1.359446e+00	6.797228e-01	6.797228e-01	-5.137803e-03	-5.163955e-03	2.615166e-05	-2.595053e-03	-2.359641e-20	-1.191482e-20	-2.838025e-20	-2.610494e-20	-2.275309e-21
233.25        	1.359032e+00	6.795158e-01	6.795158e-01	-2.626594e-02	-1.589286e-02	-1.037308e-02	-2.759891e-03	-2.382624e-20	-1.200444e-20	-2.868076e-20	-2.634482e-20	-2.335935e-21
233.5         	1.358876e+00	6.794380e-01	6.794380e-01	-4.696848e-02	-2.637749e-02	-2.059099e-02	-2.893246e-03	-2.404992e-20	-1.209597e-20	-2.899517e-20	-2.659355e-20	-2.401618e-21
233.75        	1.358828e+00	6.794140e-01	6.794140e-01	-6.695767e-02	-3.647248e-02	-3.048519e-02	-2.993648e-03	-2.426394e-20	-1.218524e-20	-2.930384e-20	-2.683716e-20	-2.466674e-21
234           	1.358939e+00	6.794696e-01	6.794696e-01	-8.628799e-02	-4.620378e-02	-4.008421e-02	-3.059781e-03	-2.446821e-20	-1.227287e-20	-2.961982e-20	-2.708278e-20	-2.537035e-21
234.25        	1.359080e+00	6.795398e-01	6.795398e-01	-1.046287e-01	-5.540567e-02	-4.922307e-02	-3.091297e-03	-2.465949e-20	-1.235618e-20	-2.993067e-20	-2.732152e-20	-2.609152e-21
234.5         	1.359356e+00	6.796778e-01	6.796778e-01	-1.217438e-01	-6.395985e-02	-5.778397e-02	-3.087936e-03	-2.483524e-20	-1.243496e-20	-3.023279e-20	-2.755135e-20	-2.681434e-21
234.75        	1.359613e+00	6.798064e-01	6.798064e-01	-1.373585e-01	-7.172865e-02	-6.562987e-02	-3.049391e-03	-2.499156e-20	-1.250663e-20	-3.052131e-20	-2.776728e-20	-2.754029e-21
235           	1.360129e+00	6.800645e-01	6.800645e-01	-1.513714e-01	-7.866151e-02	-7.270987e-02	-2.975820e-03	-2.512966e-20	-1.257520e-20	-3.080641e-20	-2.797841e-20	-2.828003e-21
235.25        	1.360623e+00	6.803116e-01	6.803116e-01	-1.636899e-01	-8.471315e-02	-7.897673e-02	-2.868209e-03	-2.524678e-20	-1.263618e-20	-3.107399e-20	-2.817317e-20	-2.900816e-21
235.5         	1.361038e+00	6.805189e-01	6.805189e-01	-1.741485e-01	-8.980185e-02	-8.434663e-02	-2.727610e-03	-2.534185e-20	-1.268795e-20	-3.131438e-20	-2.834514e-20	-2.969238e-21
235.75        	1.361541e+00	6.807706e-01	6.807706e-01	-1.824910e-01	-9.380106e-02	-8.868997e-02	-2.555549e-03	-2.541228e-20	-1.273319e-20	-3.154260e-20	-2.850449e-20	-3.038108e-21
236           	1.361898e+00	6.809490e-01	6.809490e-01	-1.887173e-01	-9.671263e-02	-9.200464e-02	-2.353994e-03	-2.545753e-20	-1.276854e-20	-3.174048e-20	-2.863878e-20	-3.101699e-21
236.25        	1.362115e+00	6.810573e-01	6.810573e-01	-1.928313e-01	-9.854111e-02	-9.429016e-02	-2.125474e-03	-2.547881e-20	-1.279384e-20	-3.190632e-20	-2.874700e-20	-3.159315e-21
236.5         	1.362306e+00	6.811532e-01	6.811532e-01	-1.946692e-01	-9.920715e-02	-9.546201e-02	-1.872569e-03	-2.547478e-20	-1.281069e-20	-3.204462e-20	-2.883300e-20	-3.211622e-21
236.75        	1.362357e+00	6.811786e-01	6.811786e-01	-1.943902e-01	-9.879349e-02	-9.559672e-02	-1.598389e-03	-2.544709e-20	-1.281813e-20	-3.215600e-20	-2.889613e-20	-3.259865e-21
237           	1.362333e+00	6.811663e-01	6.811663e-01	-1.918509e-01	-9.723155e-02	-9.461932e-02	-1.306116e-03	-2.539498e-20	-1.281706e-20	-3.223698e-20	-2.893555e-20	-3.301431e-21
237.25        	1.362199e+00	6.810996e-01	6.810996e-01	-1.871394e-01	-9.456899e-02	-9.257039e-02	-9.992988e-04	-2.531947e-20	-1.280632e-20	-3.228733e-20	-2.894999e-20	-3.337341e-21
237.5         	1.361833e+00	6.809163e-01	6.809163e-01	-1.803870e-01	-9.087506e-02	-8.951190e-02	-6.815802e-04	-2.522245e-20	-1.278512e-20	-3.229581e-20	-2.893303e-20	-3.362783e-21
237.75        	1.361361e+00	6.806806e-01	6.806806e-01	-1.715668e-01	-8.614011e-02	-8.542674e-02	-3.566828e-04	-2.510388e-20	-1.275535e-20	-3.226931e-20	-2.889000e-20	-3.379307e-21
238           	1.360883e+00	6.804415e-01	6.804415e-01	-1.608119e-01	-8.043438e-02	-8.037753e-02	-2.842349e-05	-2.496636e-20	-1.271695e-20	-3.222129e-20	-2.882759e-20	-3.393699e-21
238.25        	1.360221e+00	6.801105e-01	6.801105e-01	-1.482900e-01	-7.384565e-02	-7.444433e-02	2.993403e-04	-2.481144e-20	-1.266920e-20	-3.212268e-20	-2.873054e-20	-3.392141e-21
238.5         	1.359548e+00	6.797741e-01	6.797741e-01	-1.342335e-01	-6.649386e-02	-6.773967e-02	6.229059e-04	-2.464225e-20	-1.261396e-20	-3.199891e-20	-2.861341e-20	-3.385500e-21
238.75        	1.358774e+00	6.793870e-01	6.793870e-01	-1.184457e-01	-5.828426e-02	-6.016148e-02	9.386069e-04	-2.445683e-20	-1.254947e-20	-3.183396e-20	-2.846644e-20	-3.367512e-21
239           	1.358005e+00	6.790024e-01	6.790024e-01	-1.013642e-01	-4.943922e-02	-5.192500e-02	1.242891e-03	-2.425950e-20	-1.247785e-20	-3.164552e-20	-2.830061e-20	-3.344909e-21
239.25        	1.357177e+00	6.785887e-01	6.785887e-01	-8.327348e-02	-4.010427e-02	-4.316921e-02	1.532472e-03	-2.405469e-20	-1.239927e-20	-3.141402e-20	-2.810628e-20	-3.307741e-21
239.5         	1.356459e+00	6.782294e-01	6.782294e-01	-6.411772e-02	-3.025477e-02	-3.386295e-02	1.804090e-03	-2.384110e-20	-1.231596e-20	-3.116742e-20	-2.789968e-20	-3.267746e-21
239.75        	1.355796e+00	6.778980e-01	6.778980e-01	-4.433862e-02	-2.011457e-02	-2.422406e-02	2.054745e-03	-2.362410e-20	-1.222786e-20	-3.089052e-20	-2.767312e-20	-3.217402e-21
240           	1.355195e+00	6.775973e-01	6.775973e-01	-2.407418e-02	-9.755387e-03	-1.431879e-02	2.281704e-03	-2.340477e-20	-1.213766e-20	-3.059267e-20	-2.743400e-20	-3.158672e-21
240.25        	1.354806e+00	6.774028e-01	6.774028e-01	-3.605477e-03	6.798099e-04	-4.285287e-03	2.482548e-03	-2.318651e-20	-1.204563e-20	-3.028106e-20	-2.718616e-20	-3.094896e-21
240.5         	1.354474e+00	6.772369e-01	6.772369e-01	1.706410e-02	1.118698e-02	5.877118e-03	2.654931e-03	-2.296782e-20	-1.195272e-20	-2.995493e-20	-2.693019e-20	-3.024748e-21
240.75        	1.354166e+00	6.770831e-01	6.770831e-01	3.747578e-02	2.153499e-02	1.594078e-02	2.797105e-03	-2.275406e-20	-1.186025e-20	-2.961784e-20	-2.666917e-20	-2.948667e-21
241           	1.354248e+00	6.771242e-01	6.771242e-01	5.736229e-02	3.158910e-02	2.577319e-02	2.907956e-03	-2.254945e-20	-1.177210e-20	-2.928159e-20	-2.641289e-20	-2.868699e-21
241.25        	1.354251e+00	6.771256e-01	6.771256e-01	7.659903e-02	4.128539e-02	3.531364e-02	2.985878e-03	-2.235257e-20	-1.168669e-20	-2.893772e-20	-2.615555e-20	-2.782173e-21
241.5         	1.354524e+00	6.772622e-01	6.772622e-01	9.490898e-02	5.048473e-02	4.442425e-02	3.030239e-03	-2.216765e-20	-1.160663e-20	-2.860616e-20	-2.590972e-20	-2.696447e-21
241.75        	1.354900e+00	6.774498e-01	6.774498e-01	1.122165e-01	5.914897e-02	5.306753e-02	3.040722e-03	-2.199439e-20	-1.153263e-20	-2.828727e-20	-2.567626e-20	-2.611002e-21
242           	1.355210e+00	6.776050e-01	6.776050e-01	1.282582e-01	6.714624e-02	6.111199e-02	3.017122e-03	-2.183484e-20	-1.146262e-20	-2.796673e-20	-2.544599e-20	-2.520745e-21
242.25        	1.355684e+00	6.778419e-01	6.778419e-01	1.426368e-01	7.427759e-02	6.835918e-02	2.959204e-03	-2.169477e-20	-1.140139e-20	-2.767169e-20	-2.523723e-20	-2.434459e-21
242.5         	1.356114e+00	6.780572e-01	6.780572e-01	1.555798e-01	8.065748e-02	7.492230e-02	2.867589e-03	-2.157016e-20	-1.134509e-20	-2.738326e-20	-2.503673e-20	-2.346537e-21
242.75        	1.356710e+00	6.783552e-01	6.783552e-01	1.666443e-01	8.606551e-02	8.057876e-02	2.743378e-03	-2.146669e-20	-1.129809e-20	-2.712544e-20	-2.486081e-20	-2.264624e-21
243           	1.357238e+00	6.786191e-01	6.786191e-01	1.758044e-01	9.048990e-02	8.531448e-02	2.587708e-03	-2.138350e-20	-1.125773e-20	-2.688888e-20	-2.470217e-20	-2.186712e-21
243.25        	1.357717e+00	6.788587e-01	6.788587e-01	1.830216e-01	9.391314e-02	8.910851e-02	2.402316e-03	-2.132107e-20	-1.122525e-20	-2.667747e-20	-2.456398e-20	-2.113486e-21
243.5         	1.358167e+00	6.790837e-01	6.790837e-01	1.880392e-01	9.620898e-02	9.183020e-02	2.189391e-03	-2.128222e-20	-1.120030e-20	-2.648702e-20	-2.444381e-20	-2.043211e-21
243.75        	1.358443e+00	6.792217e-01	6.792217e-01	1.909576e-01	9.743027e-02	9.352729e-02	1.951487e-03	-2.126532e-20	-1.118143e-20	-2.632153e-20	-2.434219e-20	-1.979341e-21
244           	1.358705e+00	6.793525e-01	6.793525e-01	1.917693e-01	9.757595e-02	9.419334e-02	1.691308e-03	-2.127106e-20	-1.117054e-20	-2.618859e-20	-2.426484e-20	-1.923756e-21
244.25        	1.358704e+00	6.793520e-01	6.793520e-01	1.902991e-01	9.656149e-02	9.373760e-02	1.411945e-03	-2.130003e-20	-1.116549e-20	-2.607111e-20	-2.420105e-20	-1.870067e-21
244.5         	1.358709e+00	6.793547e-01	6.793547e-01	1.867885e-01	9.451092e-02	9.227759e-02	1.116668e-03	-2.135104e-20	-1.116883e-20	-2.599915e-20	-2.416840e-20	-1.830749e-21
244.75        	1.358519e+00	6.792595e-01	6.792595e-01	1.810613e-01	9.133966e-02	8.972169e-02	8.089850e-04	-2.142519e-20	-1.117798e-20	-2.594600e-20	-2.415098e-20	-1.795020e-21
245           	1.358192e+00	6.790959e-01	6.790959e-01	1.734440e-01	8.721450e-02	8.622947e-02	4.925127e-04	-2.151905e-20	-1.119433e-20	-2.592745e-20	-2.415806e-20	-1.769394e-21
245.25        	1.357733e+00	6.788663e-01	6.788663e-01	1.638286e-01	8.208519e-02	8.174338e-02	1.709067e-04	-2.163370e-20	-1.121748e-20	-2.593366e-20	-2.418431e-20	-1.749346e-21
245.5         	1.357341e+00	6.786704e-01	6.786704e-01	1.523586e-01	7.602721e-02	7.633135e-02	-1.520725e-04	-2.176933e-20	-1.124995e-20	-2.598722e-20	-2.424357e-20	-1.743658e-21
245.75        	1.356620e+00	6.783098e-01	6.783098e-01	1.393218e-01	6.918819e-02	7.013361e-02	-4.727059e-04	-2.191946e-20	-1.128716e-20	-2.605369e-20	-2.431400e-20	-1.739687e-21
246           	1.356040e+00	6.780201e-01	6.780201e-01	1.246076e-01	6.151642e-02	6.309122e-02	-7.873991e-04	-2.208864e-20	-1.133433e-20	-2.616894e-20	-2.441881e-20	-1.750138e-21
246.25        	1.355274e+00	6.776370e-01	6.776370e-01	1.085660e-01	5.319041e-02	5.537558e-02	-1.092584e-03	-2.227087e-20	-1.138656e-20	-2.630197e-20	-2.453755e-20	-1.764423e-21
246.5         	1.354646e+00	6.773230e-01	6.773230e-01	9.125484e-02	4.424247e-02	4.701238e-02	-1.384955e-03	-2.246647e-20	-1.144821e-20	-2.647966e-20	-2.468804e-20	-1.791624e-21
246.75        	1.353896e+00	6.769478e-01	6.769478e-01	7.284288e-02	3.476018e-02	3.808270e-02	-1.661257e-03	-2.267279e-20	-1.151502e-20	-2.667677e-20	-2.485341e-20	-1.823369e-21
247           	1.353318e+00	6.766588e-01	6.766588e-01	5.368398e-02	2.492355e-02	2.876044e-02	-1.918443e-03	-2.288707e-20	-1.158977e-20	-2.690460e-20	-2.504207e-20	-1.862527e-21
247.25        	1.352772e+00	6.763862e-01	6.763862e-01	3.400451e-02	1.484861e-02	1.915589e-02	-2.153640e-03	-2.310579e-20	-1.166814e-20	-2.715440e-20	-2.524534e-20	-1.909060e-21
247.5         	1.352278e+00	6.761389e-01	6.761389e-01	1.378605e-02	4.528696e-03	9.257351e-03	-2.364328e-03	-2.332919e-20	-1.175126e-20	-2.742130e-20	-2.546191e-20	-1.959389e-21
247.75        	1.351906e+00	6.759529e-01	6.759529e-01	-6.498434e-03	-5.797475e-03	-7.009585e-04	-2.548258e-03	-2.355181e-20	-1.183700e-20	-2.770797e-20	-2.569099e-20	-2.016980e-21
248           	1.351672e+00	6.758358e-01	6.758358e-01	-2.668957e-02	-1.604796e-02	-1.064161e-02	-2.703174e-03	-2.377199e-20	-1.192453e-20	-2.800110e-20	-2.592508e-20	-2.076020e-21
248.25        	1.351639e+00	6.758193e-01	6.758193e-01	-4.666262e-02	-2.615933e-02	-2.050328e-02	-2.828026e-03	-2.398856e-20	-1.201426e-20	-2.831517e-20	-2.617184e-20	-2.143322e-21
248.5         	1.351747e+00	6.758733e-01	6.758733e-01	-6.596441e-02	-3.590336e-02	-3.006105e-02	-2.921153e-03	-2.419608e-20	-1.210310e-20	-2.862198e-20	-2.641409e-20	-2.207888e-21
248.75        	1.351956e+00	6.759781e-01	6.759781e-01	-8.453802e-02	-4.525054e-02	-3.928748e-02	-2.981534e-03	-2.439341e-20	-1.218906e-20	-2.893563e-20	-2.665688e-20	-2.278755e-21
249           	1.352257e+00	6.761286e-01	6.761286e-01	-1.022190e-01	-5.411820e-02	-4.810081e-02	-3.008691e-03	-2.457875e-20	-1.227183e-20	-2.924400e-20	-2.689384e-20	-2.350168e-21
249.25        	1.352733e+00	6.763665e-01	6.763665e-01	-1.187083e-01	-6.235656e-02	-5.635177e-02	-3.002397e-03	-2.474914e-20	-1.235156e-20	-2.954984e-20	-2.712648e-20	-2.423360e-21
249.5         	1.353074e+00	6.765372e-01	6.765372e-01	-1.337743e-01	-6.984955e-02	-6.392479e-02	-2.962382e-03	-2.490112e-20	-1.242312e-20	-2.983422e-20	-2.734023e-20	-2.493990e-21
249.75        	1.353626e+00	6.768132e-01	6.768132e-01	-1.474790e-01	-7.662825e-02	-7.085078e-02	-2.888733e-03	-2.503723e-20	-1.249143e-20	-3.011622e-20	-2.754953e-20	-2.566680e-21
250           	1.354211e+00	6.771053e-01	6.771053e-01	-1.593337e-01	-8.244928e-02	-7.688447e-02	-2.782405e-03	-2.515080e-20	-1.255204e-20	-3.038150e-20	-2.774279e-20	-2.638711e-21
250.25        	1.354742e+00	6.773711e-01	6.773711e-01	-1.694168e-01	-8.735282e-02	-8.206395e-02	-2.644438e-03	-2.524330e-20	-1.260503e-20	-3.062364e-20	-2.791685e-20	-2.706787e-21
250.5         	1.355306e+00	6.776532e-01	6.776532e-01	-1.776324e-01	-9.129242e-02	-8.633997e-02	-2.476225e-03	-2.531372e-20	-1.265131e-20	-3.085250e-20	-2.807756e-20	-2.774946e-21
250.75        	1.355753e+00	6.778767e-01	6.778767e-01	-1.838170e-01	-9.418814e-02	-8.962890e-02	-2.279624e-03	-2.536053e-20	-1.268787e-20	-3.105096e-20	-2.821335e-20	-2.837606e-21
251           	1.356136e+00	6.780682e-01	6.780682e-01	-1.878438e-01	-9.597893e-02	-9.186488e-02	-2.057029e-03	-2.538275e-20	-1.271544e-20	-3.122086e-20	-2.832588e-20	-2.894989e-21
251.25        	1.356429e+00	6.782143e-01	6.782143e-01	-1.896854e-01	-9.665368e-02	-9.303176e-02	-1.810962e-03	-2.538035e-20	-1.273419e-20	-3.136547e-20	-2.841693e-20	-2.948548e-21
251.5         	1.356598e+00	6.782991e-01	6.782991e-01	-1.895540e-01	-9.632133e-02	-9.323269e-02	-1.544323e-03	-2.535607e-20	-1.274390e-20	-3.147992e-20	-2.848386e-20	-2.996058e-21
251.75        	1.356666e+00	6.783330e-01	6.783330e-01	-1.871919e-01	-9.485611e-02	-9.233578e-02	-1.260167e-03	-2.530713e-20	-1.274458e-20	-3.156425e-20	-2.852671e-20	-3.037541e-21
252           	1.356691e+00	6.783457e-01	6.783457e-01	-1.827447e-01	-9.233419e-02	-9.041047e-02	-9.618594e-04	-2.523611e-20	-1.273730e-20	-3.162809e-20	-2.855135e-20	-3.076744e-21
252.25        	1.356443e+00	6.782215e-01	6.782215e-01	-1.762902e-01	-8.879798e-02	-8.749220e-02	-6.528872e-04	-2.514395e-20	-1.271878e-20	-3.164098e-20	-2.853927e-20	-3.101714e-21
252.5         	1.356094e+00	6.780469e-01	6.780469e-01	-1.678646e-01	-8.426918e-02	-8.359543e-02	-3.368762e-04	-2.503098e-20	-1.269143e-20	-3.162244e-20	-2.850265e-20	-3.119788e-21
252.75        	1.355717e+00	6.778586e-01	6.778586e-01	-1.575683e-01	-7.880157e-02	-7.876672e-02	-1.742435e-05	-2.489914e-20	-1.265595e-20	-3.157771e-20	-2.844481e-20	-3.132902e-21
253           	1.355258e+00	6.776292e-01	6.776292e-01	-1.454863e-01	-7.244140e-02	-7.304486e-02	3.017319e-04	-2.475036e-20	-1.261276e-20	-3.149975e-20	-2.836264e-20	-3.137114e-21
253.25        	1.354567e+00	6.772833e-01	6.772833e-01	-1.318678e-01	-6.531691e-02	-6.655086e-02	6.169754e-04	-2.458617e-20	-1.255881e-20	-3.137538e-20	-2.824650e-20	-3.128880e-21
253.5         	1.353978e+00	6.769892e-01	6.769892e-01	-1.166806e-01	-5.741555e-02	-5.926510e-02	9.247724e-04	-2.440807e-20	-1.249859e-20	-3.122730e-20	-2.811224e-20	-3.115063e-21
253.75        	1.353327e+00	6.766633e-01	6.766633e-01	-1.001357e-01	-4.884615e-02	-5.128952e-02	1.221686e-03	-2.421746e-20	-1.243029e-20	-3.104881e-20	-2.795470e-20	-3.094115e-21
254           	1.352649e+00	6.763245e-01	6.763245e-01	-8.257809e-02	-3.978454e-02	-4.279355e-02	1.504503e-03	-2.401893e-20	-1.235542e-20	-3.083204e-20	-2.777144e-20	-3.060600e-21
254.25        	1.352065e+00	6.760327e-01	6.760327e-01	-6.396326e-02	-3.021157e-02	-3.375169e-02	1.770061e-03	-2.381179e-20	-1.227578e-20	-3.060194e-20	-2.757675e-20	-3.025195e-21
254.5         	1.351450e+00	6.757249e-01	6.757249e-01	-4.470184e-02	-2.033546e-02	-2.436638e-02	2.015459e-03	-2.360034e-20	-1.219038e-20	-3.033197e-20	-2.735637e-20	-2.975599e-21
254.75        	1.350860e+00	6.754300e-01	6.754300e-01	-2.496533e-02	-1.024473e-02	-1.472060e-02	2.237938e-03	-2.338657e-20	-1.210255e-20	-3.004535e-20	-2.712523e-20	-2.920120e-21
255           	1.350587e+00	6.752936e-01	6.752936e-01	-4.912905e-03	-2.127679e-05	-4.891628e-03	2.435176e-03	-2.317297e-20	-1.201343e-20	-2.974871e-20	-2.688778e-20	-2.860929e-21
255.25        	1.350334e+00	6.751668e-01	6.751668e-01	1.518933e-02	1.019959e-02	4.989731e-03	2.604931e-03	-2.296087e-20	-1.192349e-20	-2.943322e-20	-2.664010e-20	-2.793122e-21
255.5         	1.350197e+00	6.750987e-01	6.750987e-01	3.510535e-02	2.029809e-02	1.480726e-02	2.745412e-03	-2.275299e-20	-1.183430e-20	-2.910868e-20	-2.638864e-20	-2.720043e-21
255.75        	1.350177e+00	6.750885e-01	6.750885e-01	5.473190e-02	3.022143e-02	2.451047e-02	2.855483e-03	-2.255029e-20	-1.174655e-20	-2.878176e-20	-2.613743e-20	-2.644335e-21
256           	1.350302e+00	6.751512e-01	6.751512e-01	7.355272e-02	3.970994e-02	3.384278e-02	2.933577e-03	-2.235867e-20	-1.166256e-20	-2.844249e-20	-2.588381e-20	-2.558686e-21
256.25        	1.350715e+00	6.753577e-01	6.753577e-01	9.155046e-02	4.875423e-02	4.279622e-02	2.979005e-03	-2.217740e-20	-1.158551e-20	-2.813069e-20	-2.565085e-20	-2.479839e-21
256.5         	1.351113e+00	6.755565e-01	6.755565e-01	1.086763e-01	5.732953e-02	5.134674e-02	2.991397e-03	-2.200624e-20	-1.151203e-20	-2.781127e-20	-2.541767e-20	-2.393605e-21
256.75        	1.351435e+00	6.757174e-01	6.757174e-01	1.244973e-01	6.521922e-02	5.927806e-02	2.970579e-03	-2.184893e-20	-1.144247e-20	-2.750120e-20	-2.519307e-20	-2.308129e-21
257           	1.351876e+00	6.759379e-01	6.759379e-01	1.388750e-01	7.235375e-02	6.652124e-02	2.916256e-03	-2.170904e-20	-1.138040e-20	-2.720412e-20	-2.498246e-20	-2.221657e-21
257.25        	1.352554e+00	6.762771e-01	6.762771e-01	1.517304e-01	7.869415e-02	7.303626e-02	2.828944e-03	-2.158619e-20	-1.132623e-20	-2.693811e-20	-2.479529e-20	-2.142823e-21
257.5         	1.353086e+00	6.765432e-01	6.765432e-01	1.627962e-01	8.410780e-02	7.868842e-02	2.709692e-03	-2.148245e-20	-1.127838e-20	-2.667428e-20	-2.461552e-20	-2.058753e-21
257.75        	1.353698e+00	6.768489e-01	6.768489e-01	1.721635e-01	8.864135e-02	8.352220e-02	2.559571e-03	-2.139715e-20	-1.123783e-20	-2.644776e-20	-2.446171e-20	-1.986049e-21
258           	1.354190e+00	6.770951e-01	6.770951e-01	1.793591e-01	9.205976e-02	8.729931e-02	2.380222e-03	-2.133524e-20	-1.120457e-20	-2.623155e-20	-2.432035e-20	-1.911205e-21
258.25        	1.354685e+00	6.773427e-01	6.773427e-01	1.846122e-01	9.447975e-02	9.013247e-02	2.173640e-03	-2.129406e-20	-1.117887e-20	-2.604309e-20	-2.420041e-20	-1.842675e-21
258.5         	1.354998e+00	6.774989e-01	6.774989e-01	1.878399e-01	9.586230e-02	9.197760e-02	1.942349e-03	-2.127388e-20	-1.115895e-20	-2.587720e-20	-2.409755e-20	-1.779648e-21
258.75        	1.355246e+00	6.776228e-01	6.776228e-01	1.888636e-01	9.612069e-02	9.274292e-02	1.688885e-03	-2.127718e-20	-1.114668e-20	-2.573688e-20	-2.401512e-20	-1.721765e-21
259           	1.355382e+00	6.776908e-01	6.776908e-01	1.877355e-01	9.528401e-02	9.245145e-02	1.416279e-03	-2.130310e-20	-1.114140e-20	-2.562716e-20	-2.395498e-20	-1.672183e-21
259.25        	1.355433e+00	6.777163e-01	6.777163e-01	1.846396e-01	9.344745e-02	9.119218e-02	1.127638e-03	-2.134986e-20	-1.114296e-20	-2.554976e-20	-2.391784e-20	-1.631917e-21
259.5         	1.355407e+00	6.777034e-01	6.777034e-01	1.793652e-01	9.050899e-02	8.885626e-02	8.263653e-04	-2.141959e-20	-1.115195e-20	-2.550534e-20	-2.390462e-20	-1.600719e-21
259.75        	1.355143e+00	6.775713e-01	6.775713e-01	1.721269e-01	8.657943e-02	8.554747e-02	5.159809e-04	-2.150955e-20	-1.116735e-20	-2.548566e-20	-2.391018e-20	-1.575483e-21
260           	1.354767e+00	6.773833e-01	6.773833e-01	1.629856e-01	8.169288e-02	8.129271e-02	2.000857e-04	-2.161946e-20	-1.118914e-20	-2.548866e-20	-2.393347e-20	-1.555193e-21
260.25        	1.354473e+00	6.772365e-01	6.772365e-01	1.519986e-01	7.588155e-02	7.611703e-02	-1.177391e-04	-2.174988e-20	-1.122091e-20	-2.554596e-20	-2.399390e-20	-1.552070e-21
260.5         	1.353828e+00	6.769138e-01	6.769138e-01	1.393749e-01	6.925368e-02	7.012125e-02	-4.337844e-04	-2.189598e-20	-1.125652e-20	-2.560905e-20	-2.406105e-20	-1.547999e-21
260.75        	1.353323e+00	6.766614e-01	6.766614e-01	1.251267e-01	6.181885e-02	6.330788e-02	-7.445158e-04	-2.206024e-20	-1.130227e-20	-2.572260e-20	-2.416357e-20	-1.559030e-21
261           	1.352623e+00	6.763113e-01	6.763113e-01	1.095677e-01	5.373743e-02	5.583029e-02	-1.046430e-03	-2.223741e-20	-1.135290e-20	-2.585233e-20	-2.427906e-20	-1.573269e-21
261.25        	1.352049e+00	6.760247e-01	6.760247e-01	9.276015e-02	4.504383e-02	4.771632e-02	-1.336245e-03	-2.242785e-20	-1.141277e-20	-2.602571e-20	-2.442563e-20	-1.600081e-21
261.5         	1.351377e+00	6.756886e-01	6.756886e-01	7.485936e-02	3.581892e-02	3.904044e-02	-1.610758e-03	-2.262899e-20	-1.147824e-20	-2.622169e-20	-2.458909e-20	-1.632601e-21
261.75        	1.350825e+00	6.754125e-01	6.754125e-01	5.606808e-02	2.616708e-02	2.990099e-02	-1.866956e-03	-2.283944e-20	-1.155080e-20	-2.644599e-20	-2.477380e-20	-1.672193e-21
262           	1.350214e+00	6.751071e-01	6.751071e-01	3.649081e-02	1.614348e-02	2.034733e-02	-2.101925e-03	-2.305693e-20	-1.162734e-20	-2.669282e-20	-2.497375e-20	-1.719069e-21
262.25        	1.349922e+00	6.749608e-01	6.749608e-01	1.686188e-02	6.117740e-03	1.074414e-02	-2.313200e-03	-2.327534e-20	-1.171045e-20	-2.696267e-20	-2.519178e-20	-1.770889e-21
262.5         	1.349545e+00	6.747726e-01	6.747726e-01	-3.065549e-03	-4.031282e-03	9.657329e-04	-2.498507e-03	-2.349433e-20	-1.179473e-20	-2.724389e-20	-2.541667e-20	-1.827218e-21
262.75        	1.349378e+00	6.746888e-01	6.746888e-01	-2.302046e-02	-1.416585e-02	-8.854607e-03	-2.655621e-03	-2.371249e-20	-1.188228e-20	-2.754096e-20	-2.565276e-20	-1.888203e-21
263           	1.349232e+00	6.746159e-01	6.746159e-01	-4.279469e-02	-2.418067e-02	-1.861402e-02	-2.783323e-03	-2.392691e-20	-1.196927e-20	-2.784813e-20	-2.589333e-20	-1.954800e-21
263.25        	1.349404e+00	6.747018e-01	6.747018e-01	-6.196003e-02	-3.386008e-02	-2.809995e-02	-2.880066e-03	-2.413380e-20	-1.205850e-20	-2.815874e-20	-2.613787e-20	-2.020875e-21
263.5         	1.349528e+00	6.747638e-01	6.747638e-01	-8.049121e-02	-4.319030e-02	-3.730091e-02	-2.944699e-03	-2.433113e-20	-1.214315e-20	-2.846990e-20	-2.637810e-20	-2.091795e-21
263.75        	1.349906e+00	6.749532e-01	6.749532e-01	-9.810696e-02	-5.203015e-02	-4.607681e-02	-2.976671e-03	-2.451655e-20	-1.222733e-20	-2.878237e-20	-2.661852e-20	-2.163850e-21
264           	1.350404e+00	6.752018e-01	6.752018e-01	-1.145472e-01	-6.024933e-02	-5.429790e-02	-2.975715e-03	-2.468727e-20	-1.230778e-20	-2.909282e-20	-2.685419e-20	-2.238624e-21
264.25        	1.350692e+00	6.753459e-01	6.753459e-01	-1.298259e-01	-6.785457e-02	-6.197136e-02	-2.941603e-03	-2.484234e-20	-1.237965e-20	-2.937835e-20	-2.706883e-20	-2.309523e-21
264.5         	1.351302e+00	6.756511e-01	6.756511e-01	-1.435004e-01	-7.462447e-02	-6.887590e-02	-2.874286e-03	-2.497915e-20	-1.244883e-20	-2.966376e-20	-2.728071e-20	-2.383045e-21
264.75        	1.351896e+00	6.759479e-01	6.759479e-01	-1.557000e-01	-8.062455e-02	-7.507548e-02	-2.774531e-03	-2.509757e-20	-1.251062e-20	-2.993455e-20	-2.747789e-20	-2.456662e-21
265           	1.352472e+00	6.762358e-01	6.762358e-01	-1.661115e-01	-8.569917e-02	-8.041233e-02	-2.643419e-03	-2.519450e-20	-1.256599e-20	-3.018347e-20	-2.765772e-20	-2.525742e-21
265.25        	1.353084e+00	6.765420e-01	6.765420e-01	-1.744908e-01	-8.972758e-02	-8.476321e-02	-2.482189e-03	-2.526750e-20	-1.261393e-20	-3.041765e-20	-2.782276e-20	-2.594890e-21
265.5         	1.353605e+00	6.768024e-01	6.768024e-01	-1.810182e-01	-9.280168e-02	-8.821651e-02	-2.292586e-03	-2.531915e-20	-1.265291e-20	-3.062935e-20	-2.796758e-20	-2.661765e-21
265.75        	1.354008e+00	6.770041e-01	6.770041e-01	-1.854627e-01	-9.480818e-02	-9.065449e-02	-2.076842e-03	-2.534641e-20	-1.268260e-20	-3.080523e-20	-2.808521e-20	-2.720018e-21
266           	1.354388e+00	6.771938e-01	6.771938e-01	-1.877501e-01	-9.571256e-02	-9.203759e-02	-1.837482e-03	-2.534965e-20	-1.270429e-20	-3.096210e-20	-2.818534e-20	-2.776754e-21
266.25        	1.354562e+00	6.772811e-01	6.772811e-01	-1.880831e-01	-9.561878e-02	-9.246436e-02	-1.577211e-03	-2.533087e-20	-1.271576e-20	-3.108287e-20	-2.825719e-20	-2.825678e-21
266.5         	1.354684e+00	6.773419e-01	6.773419e-01	-1.861207e-01	-9.435938e-02	-9.176130e-02	-1.299044e-03	-2.528684e-20	-1.271885e-20	-3.117461e-20	-2.830615e-20	-2.868458e-21
266.75        	1.354669e+00	6.773346e-01	6.773346e-01	-1.822628e-01	-9.213764e-02	-9.012520e-02	-1.006219e-03	-2.522259e-20	-1.271310e-20	-3.124079e-20	-2.833349e-20	-2.907299e-21
267           	1.354582e+00	6.772909e-01	6.772909e-01	-1.761940e-01	-8.879917e-02	-8.739485e-02	-7.021583e-04	-2.513456e-20	-1.269819e-20	-3.127588e-20	-2.833612e-20	-2.939751e-21
267.25        	1.354339e+00	6.771694e-01	6.771694e-01	-1.682498e-01	-8.451528e-02	-8.373448e-02	-3.904001e-04	-2.502745e-20	-1.267413e-20	-3.127232e-20	-2.831029e-20	-2.962030e-21
267.5         	1.353956e+00	6.769781e-01	6.769781e-01	-1.584161e-01	-7.928259e-02	-7.913353e-02	-7.453129e-05	-2.490041e-20	-1.264078e-20	-3.123580e-20	-2.825868e-20	-2.977125e-21
267.75        	1.353535e+00	6.767673e-01	6.767673e-01	-1.468889e-01	-7.320259e-02	-7.368629e-02	2.418521e-04	-2.475756e-20	-1.260001e-20	-3.116855e-20	-2.818428e-20	-2.984268e-21
268           	1.353002e+00	6.765009e-01	6.765009e-01	-1.337322e-01	-6.631103e-02	-6.742121e-02	5.550923e-04	-2.459865e-20	-1.254986e-20	-3.106409e-20	-2.808191e-20	-2.982186e-21
268.25        	1.352410e+00	6.762049e-01	6.762049e-01	-1.189797e-01	-5.862817e-02	-6.035158e-02	8.617063e-04	-2.442480e-20	-1.249179e-20	-3.092757e-20	-2.795557e-20	-2.971996e-21
268.5         	1.351808e+00	6.759039e-01	6.759039e-01	-1.030162e-01	-5.034984e-02	-5.266635e-02	1.158256e-03	-2.424065e-20	-1.242691e-20	-3.076187e-20	-2.780784e-20	-2.954025e-21
268.75        	1.351124e+00	6.755621e-01	6.755621e-01	-8.569822e-02	-4.140759e-02	-4.429063e-02	1.441521e-03	-2.404363e-20	-1.235341e-20	-3.055714e-20	-2.763198e-20	-2.925160e-21
269           	1.350470e+00	6.752351e-01	6.752351e-01	-6.745217e-02	-3.201771e-02	-3.543446e-02	1.708373e-03	-2.383947e-20	-1.227467e-20	-3.033212e-20	-2.744072e-20	-2.891392e-21
269.25        	1.349982e+00	6.749908e-01	6.749908e-01	-4.853739e-02	-2.231279e-02	-2.622460e-02	1.955906e-03	-2.363211e-20	-1.219296e-20	-3.008313e-20	-2.723453e-20	-2.848602e-21
269.5         	1.349485e+00	6.747425e-01	6.747425e-01	-2.914820e-02	-1.239282e-02	-1.675538e-02	2.181282e-03	-2.342221e-20	-1.210704e-20	-2.980998e-20	-2.701203e-20	-2.797947e-21
269.75        	1.349104e+00	6.745521e-01	6.745521e-01	-9.228244e-03	-2.231971e-03	-6.996273e-03	2.382151e-03	-2.320881e-20	-1.201827e-20	-2.951995e-20	-2.677825e-20	-2.741700e-21
270           	1.348887e+00	6.744436e-01	6.744436e-01	1.064505e-02	7.878862e-03	2.766186e-03	2.556338e-03	-2.299888e-20	-1.192991e-20	-2.921624e-20	-2.653803e-20	-2.678213e-21
270.25        	1.348761e+00	6.743803e-01	6.743803e-01	3.040212e-02	1.790286e-02	1.249926e-02	2.701803e-03	-2.279266e-20	-1.184138e-20	-2.889743e-20	-2.629010e-20	-2.607335e-21
270.5         	1.348660e+00	6.743301e-01	6.743301e-01	5.005003e-02	2.784252e-02	2.220750e-02	2.817510e-03	-2.258877e-20	-1.175319e-20	-2.858137e-20	-2.604388e-20	-2.537489e-21
270.75        	1.348876e+00	6.744379e-01	6.744379e-01	6.889885e-02	3.735122e-02	3.154763e-02	2.901795e-03	-2.239687e-20	-1.167003e-20	-2.825205e-20	-2.579605e-20	-2.455994e-21
271           	1.349137e+00	6.745686e-01	6.745686e-01	8.701593e-02	4.646182e-02	4.055410e-02	2.953860e-03	-2.221356e-20	-1.159082e-20	-2.794033e-20	-2.556098e-20	-2.379348e-21
271.25        	1.349509e+00	6.747546e-01	6.747546e-01	1.042849e-01	5.511572e-02	4.916920e-02	2.973258e-03	-2.204070e-20	-1.151655e-20	-2.762661e-20	-2.532985e-20	-2.296761e-21
271.5         	1.349976e+00	6.749881e-01	6.749881e-01	1.201143e-01	6.301694e-02	5.709735e-02	2.959798e-03	-2.188395e-20	-1.144787e-20	-2.732336e-20	-2.510955e-20	-2.213809e-21
271.75        	1.350420e+00	6.752101e-01	6.752101e-01	1.348590e-01	7.034268e-02	6.451637e-02	2.913153e-03	-2.173942e-20	-1.138371e-20	-2.702901e-20	-2.489821e-20	-2.130796e-21
272           	1.351026e+00	6.755128e-01	6.755128e-01	1.479671e-01	7.681718e-02	7.114990e-02	2.833640e-03	-2.161395e-20	-1.132830e-20	-2.676030e-20	-2.470845e-20	-2.051851e-21
272.25        	1.351619e+00	6.758094e-01	6.758094e-01	1.592833e-01	8.236386e-02	7.691943e-02	2.722215e-03	-2.150779e-20	-1.127934e-20	-2.650277e-20	-2.453072e-20	-1.972048e-21
272.5         	1.352199e+00	6.760995e-01	6.760995e-01	1.690231e-01	8.709147e-02	8.193162e-02	2.579923e-03	-2.141849e-20	-1.123709e-20	-2.626816e-20	-2.437117e-20	-1.896992e-21
272.75        	1.352790e+00	6.763948e-01	6.763948e-01	1.767921e-01	9.080428e-02	8.598781e-02	2.408235e-03	-2.135052e-20	-1.120254e-20	-2.605689e-20	-2.423099e-20	-1.825909e-21
273           	1.353195e+00	6.765976e-01	6.765976e-01	1.824688e-01	9.344340e-02	8.902535e-02	2.209029e-03	-2.130432e-20	-1.117360e-20	-2.585989e-20	-2.410355e-20	-1.756341e-21
273.25        	1.353633e+00	6.768166e-01	6.768166e-01	1.861996e-01	9.508453e-02	9.111512e-02	1.984703e-03	-2.127935e-20	-1.115338e-20	-2.569614e-20	-2.400145e-20	-1.694692e-21
273.5         	1.353968e+00	6.769838e-01	6.769838e-01	1.876523e-01	9.556390e-02	9.208837e-02	1.737768e-03	-2.127844e-20	-1.114029e-20	-2.555810e-20	-2.391933e-20	-1.638763e-21
273.75        	1.354206e+00	6.771029e-01	6.771029e-01	1.872038e-01	9.507302e-02	9.213079e-02	1.471115e-03	-2.129774e-20	-1.113294e-20	-2.544821e-20	-2.385704e-20	-1.591170e-21
274           	1.354233e+00	6.771164e-01	6.771164e-01	1.845592e-01	9.346739e-02	9.109184e-02	1.187775e-03	-2.133921e-20	-1.113284e-20	-2.536158e-20	-2.381363e-20	-1.547947e-21
274.25        	1.354325e+00	6.771624e-01	6.771624e-01	1.798058e-01	9.079396e-02	8.901181e-02	8.910730e-04	-2.140389e-20	-1.114141e-20	-2.532073e-20	-2.380178e-20	-1.518952e-21
274.5         	1.354058e+00	6.770291e-01	6.770291e-01	1.732249e-01	8.719692e-02	8.602802e-02	5.844473e-04	-2.148655e-20	-1.115390e-20	-2.528834e-20	-2.379807e-20	-1.490270e-21
274.75        	1.353722e+00	6.768610e-01	6.768610e-01	1.645258e-01	8.253439e-02	8.199142e-02	2.714882e-04	-2.159204e-20	-1.117394e-20	-2.528950e-20	-2.381869e-20	-1.470812e-21
275           	1.353414e+00	6.767070e-01	6.767070e-01	1.540920e-01	7.700171e-02	7.709025e-02	-4.426737e-05	-2.171624e-20	-1.120299e-20	-2.533344e-20	-2.386971e-20	-1.463724e-21
275.25        	1.352947e+00	6.764736e-01	6.764736e-01	1.419057e-01	7.059370e-02	7.131204e-02	-3.591691e-04	-2.185839e-20	-1.123825e-20	-2.540448e-20	-2.394049e-20	-1.463985e-21
275.5         	1.352374e+00	6.761871e-01	6.761871e-01	1.281847e-01	6.342269e-02	6.476200e-02	-6.696545e-04	-2.201662e-20	-1.128057e-20	-2.550477e-20	-2.403295e-20	-1.471815e-21
275.75        	1.351777e+00	6.758886e-01	6.758886e-01	1.130909e-01	5.557319e-02	5.751769e-02	-9.722504e-04	-2.218914e-20	-1.132967e-20	-2.563240e-20	-2.414588e-20	-1.486526e-21
276           	1.351156e+00	6.755781e-01	6.755781e-01	9.651624e-02	4.699452e-02	4.952172e-02	-1.263600e-03	-2.237708e-20	-1.138752e-20	-2.579971e-20	-2.428738e-20	-1.512333e-21
276.25        	1.350534e+00	6.752671e-01	6.752671e-01	7.899749e-02	3.795820e-02	4.103930e-02	-1.540551e-03	-2.257464e-20	-1.145147e-20	-2.598895e-20	-2.444595e-20	-1.543006e-21
276.5         	1.349975e+00	6.749873e-01	6.749873e-01	6.058106e-02	2.849049e-02	3.209058e-02	-1.800045e-03	-2.278088e-20	-1.152180e-20	-2.621146e-20	-2.462753e-20	-1.583929e-21
276.75        	1.349439e+00	6.747196e-01	6.747196e-01	4.140879e-02	1.866523e-02	2.274356e-02	-2.039170e-03	-2.299492e-20	-1.159767e-20	-2.645110e-20	-2.482322e-20	-1.627877e-21
277           	1.348940e+00	6.744702e-01	6.744702e-01	2.185563e-02	8.672502e-03	1.318313e-02	-2.255312e-03	-2.321181e-20	-1.167652e-20	-2.670843e-20	-2.503073e-20	-1.677698e-21
277.25        	1.348671e+00	6.743355e-01	6.743355e-01	2.059270e-03	-1.416573e-03	3.475844e-03	-2.446209e-03	-2.343042e-20	-1.176189e-20	-2.699878e-20	-2.526128e-20	-1.737494e-21
277.5         	1.348429e+00	6.742145e-01	6.742145e-01	-1.794757e-02	-1.158342e-02	-6.364149e-03	-2.609635e-03	-2.364936e-20	-1.184824e-20	-2.729326e-20	-2.549487e-20	-1.798392e-21
277.75        	1.348323e+00	6.741616e-01	6.741616e-01	-3.763200e-02	-2.156005e-02	-1.607194e-02	-2.744055e-03	-2.386357e-20	-1.193563e-20	-2.759971e-20	-2.573549e-20	-1.864224e-21
278           	1.348477e+00	6.742383e-01	6.742383e-01	-5.686913e-02	-3.128272e-02	-2.558640e-02	-2.848161e-03	-2.407159e-20	-1.202504e-20	-2.791588e-20	-2.598298e-20	-1.932898e-21
278.25        	1.348607e+00	6.743036e-01	6.743036e-01	-7.537770e-02	-4.060940e-02	-3.476831e-02	-2.920545e-03	-2.426926e-20	-1.210985e-20	-2.822576e-20	-2.622273e-20	-2.003032e-21
278.5         	1.348996e+00	6.744982e-01	6.744982e-01	-9.321539e-02	-4.956826e-02	-4.364713e-02	-2.960563e-03	-2.445838e-20	-1.219565e-20	-2.854530e-20	-2.646830e-20	-2.077006e-21
278.75        	1.349371e+00	6.746856e-01	6.746856e-01	-1.100826e-01	-5.800921e-02	-5.207344e-02	-2.967886e-03	-2.463414e-20	-1.227606e-20	-2.885193e-20	-2.670203e-20	-2.149908e-21
279           	1.349765e+00	6.748826e-01	6.748826e-01	-1.253961e-01	-6.564039e-02	-5.975567e-02	-2.942362e-03	-2.479020e-20	-1.234995e-20	-2.914585e-20	-2.692287e-20	-2.222976e-21
279.25        	1.350229e+00	6.751144e-01	6.751144e-01	-1.394416e-01	-7.260451e-02	-6.683706e-02	-2.883723e-03	-2.493121e-20	-1.241844e-20	-2.942816e-20	-2.713253e-20	-2.295637e-21
279.5         	1.350950e+00	6.754749e-01	6.754749e-01	-1.521051e-01	-7.884510e-02	-7.325998e-02	-2.792559e-03	-2.505605e-20	-1.248467e-20	-2.971520e-20	-2.734227e-20	-2.372923e-21
279.75        	1.351509e+00	6.757544e-01	6.757544e-01	-1.628811e-01	-8.411052e-02	-7.877061e-02	-2.669954e-03	-2.515753e-20	-1.254095e-20	-2.996551e-20	-2.752370e-20	-2.441805e-21
280           	1.352138e+00	6.760689e-01	6.760689e-01	-1.718527e-01	-8.844335e-02	-8.340937e-02	-2.516989e-03	-2.523797e-20	-1.259137e-20	-3.021354e-20	-2.769814e-20	-2.515398e-21
280.25        	1.352633e+00	6.763166e-01	6.763166e-01	-1.788950e-01	-9.178283e-02	-8.711218e-02	-2.335324e-03	-2.529546e-20	-1.263199e-20	-3.042680e-20	-2.784539e-20	-2.581407e-21
280.5         	1.353144e+00	6.765721e-01	6.765721e-01	-1.837727e-01	-9.401334e-02	-8.975932e-02	-2.127011e-03	-2.532808e-20	-1.266521e-20	-3.061684e-20	-2.797363e-20	-2.643211e-21
280.75        	1.353480e+00	6.767399e-01	6.767399e-01	-1.867334e-01	-9.526123e-02	-9.147213e-02	-1.894549e-03	-2.533888e-20	-1.268895e-20	-3.078086e-20	-2.807938e-20	-2.701482e-21
281           	1.353734e+00	6.768669e-01	6.768669e-01	-1.874685e-01	-9.537475e-02	-9.209377e-02	-1.640490e-03	-2.532461e-20	-1.270284e-20	-3.090942e-20	-2.815755e-20	-2.751870e-21
281.25        	1.353861e+00	6.769305e-01	6.769305e-01	-1.861414e-01	-9.443852e-02	-9.170285e-02	-1.367832e-03	-2.528768e-20	-1.270827e-20	-3.101168e-20	-2.821411e-20	-2.797568e-21
281.5         	1.353957e+00	6.769787e-01	6.769787e-01	-1.828685e-01	-9.251395e-02	-9.035458e-02	-1.079688e-03	-2.523025e-20	-1.270597e-20	-3.109100e-20	-2.825147e-20	-2.839527e-21
281.75        	1.353908e+00	6.769542e-01	6.769542e-01	-1.774365e-01	-8.949769e-02	-8.793883e-02	-7.794280e-04	-2.514921e-20	-1.269419e-20	-3.113653e-20	-2.826245e-20	-2.874077e-21
282           	1.353690e+00	6.768450e-01	6.768450e-01	-1.700828e-01	-8.551193e-02	-8.457083e-02	-4.705481e-04	-2.504789e-20	-1.267228e-20	-3.114527e-20	-2.824492e-20	-2.900351e-21
282.25        	1.353336e+00	6.766680e-01	6.766680e-01	-1.607173e-01	-8.051527e-02	-8.020201e-02	-1.566331e-04	-2.492603e-20	-1.264170e-20	-3.111633e-20	-2.819986e-20	-2.916468e-21
282.5         	1.353041e+00	6.765203e-01	6.765203e-01	-1.497050e-01	-7.469370e-02	-7.501130e-02	1.588027e-04	-2.478862e-20	-1.260451e-20	-3.106847e-20	-2.813875e-20	-2.929725e-21
282.75        	1.352384e+00	6.761921e-01	6.761921e-01	-1.370352e-01	-6.804554e-02	-6.898969e-02	4.720756e-04	-2.463402e-20	-1.255531e-20	-3.096150e-20	-2.803606e-20	-2.925440e-21
283           	1.351883e+00	6.759415e-01	6.759415e-01	-1.227649e-01	-6.060278e-02	-6.216217e-02	7.796963e-04	-2.446516e-20	-1.250026e-20	-3.084192e-20	-2.792122e-20	-2.920700e-21
283.25        	1.351221e+00	6.756104e-01	6.756104e-01	-1.071491e-01	-5.249635e-02	-5.465274e-02	1.078193e-03	-2.428351e-20	-1.243653e-20	-3.067987e-20	-2.777646e-20	-2.903408e-21
283.5         	1.350718e+00	6.753590e-01	6.753590e-01	-9.036024e-02	-4.381577e-02	-4.654447e-02	1.364348e-03	-2.409293e-20	-1.236800e-20	-3.049995e-20	-2.761798e-20	-2.881973e-21
283.75        	1.350049e+00	6.750246e-01	6.750246e-01	-7.244112e-02	-3.458557e-02	-3.785554e-02	1.634984e-03	-2.389154e-20	-1.229081e-20	-3.028128e-20	-2.743145e-20	-2.849836e-21
284           	1.349526e+00	6.747629e-01	6.747629e-01	-5.369840e-02	-2.496204e-02	-2.873636e-02	1.887162e-03	-2.368482e-20	-1.221001e-20	-3.004048e-20	-2.723024e-20	-2.810234e-21
284.25        	1.349018e+00	6.745091e-01	6.745091e-01	-3.443570e-02	-1.509987e-02	-1.933584e-02	2.117985e-03	-2.347539e-20	-1.212500e-20	-2.977634e-20	-2.701317e-20	-2.763175e-21
284.5         	1.348627e+00	6.743137e-01	6.743137e-01	-1.474504e-02	-5.047486e-03	-9.697552e-03	2.325033e-03	-2.326429e-20	-1.203767e-20	-2.949225e-20	-2.678380e-20	-2.708455e-21
284.75        	1.348380e+00	6.741900e-01	6.741900e-01	5.068849e-03	5.040522e-03	2.832691e-05	2.506098e-03	-2.305431e-20	-1.194919e-20	-2.919617e-20	-2.654727e-20	-2.648893e-21
285           	1.348203e+00	6.741013e-01	6.741013e-01	2.491444e-02	1.511621e-02	9.798222e-03	2.658995e-03	-2.284596e-20	-1.186055e-20	-2.888366e-20	-2.630238e-20	-2.581286e-21
285.25        	1.348096e+00	6.740480e-01	6.740480e-01	4.451848e-02	2.504185e-02	1.947662e-02	2.782613e-03	-2.264233e-20	-1.177257e-20	-2.856975e-20	-2.605745e-20	-2.512303e-21
285.5         	1.348347e+00	6.741735e-01	6.741735e-01	6.351198e-02	3.463130e-02	2.888068e-02	2.875313e-03	-2.244852e-20	-1.168941e-20	-2.824912e-20	-2.581397e-20	-2.435150e-21
285.75        	1.348452e+00	6.742260e-01	6.742260e-01	8.185691e-02	4.386454e-02	3.799237e-02	2.936085e-03	-2.226212e-20	-1.160815e-20	-2.792842e-20	-2.557236e-20	-2.356058e-21
286           	1.348870e+00	6.744350e-01	6.744350e-01	9.926487e-02	5.259682e-02	4.666804e-02	2.964390e-03	-2.208747e-20	-1.153283e-20	-2.761963e-20	-2.534265e-20	-2.276985e-21
286.25        	1.349354e+00	6.746768e-01	6.746768e-01	1.154883e-01	6.070413e-02	5.478419e-02	2.959971e-03	-2.192667e-20	-1.146294e-20	-2.731919e-20	-2.512253e-20	-2.196659e-21
286.5         	1.349705e+00	6.748526e-01	6.748526e-01	1.305004e-01	6.817279e-02	6.232759e-02	2.922603e-03	-2.177877e-20	-1.139690e-20	-2.702115e-20	-2.490748e-20	-2.113672e-21
286.75        	1.350376e+00	6.751882e-01	6.751882e-01	1.440669e-01	7.488575e-02	6.918116e-02	2.852293e-03	-2.164848e-20	-1.134005e-20	-2.674960e-20	-2.471485e-20	-2.034746e-21
287           	1.350813e+00	6.754066e-01	6.754066e-01	1.559779e-01	8.073884e-02	7.523909e-02	2.749873e-03	-2.153489e-20	-1.128723e-20	-2.648053e-20	-2.452750e-20	-1.953032e-21
287.25        	1.351525e+00	6.757626e-01	6.757626e-01	1.661666e-01	8.569973e-02	8.046692e-02	2.616401e-03	-2.144152e-20	-1.124452e-20	-2.624994e-20	-2.436949e-20	-1.880444e-21
287.5         	1.352106e+00	6.760532e-01	6.760532e-01	1.743395e-01	8.962293e-02	8.471661e-02	2.453160e-03	-2.136909e-20	-1.120751e-20	-2.602838e-20	-2.422170e-20	-1.806682e-21
287.75        	1.352596e+00	6.762980e-01	6.762980e-01	1.806909e-01	9.260737e-02	8.808356e-02	2.261905e-03	-2.131612e-20	-1.117756e-20	-2.583542e-20	-2.409527e-20	-1.740151e-21
288           	1.353060e+00	6.765301e-01	6.765301e-01	1.849394e-01	9.451462e-02	9.042483e-02	2.044896e-03	-2.128558e-20	-1.115555e-20	-2.566347e-20	-2.398729e-20	-1.676185e-21
288.25        	1.353425e+00	6.767123e-01	6.767123e-01	1.870532e-01	9.533125e-02	9.172197e-02	1.804644e-03	-2.127764e-20	-1.113998e-20	-2.552081e-20	-2.390039e-20	-1.620421e-21
288.5         	1.353643e+00	6.768215e-01	6.768215e-01	1.871080e-01	9.509787e-02	9.201011e-02	1.543881e-03	-2.129122e-20	-1.113086e-20	-2.539902e-20	-2.383037e-20	-1.568645e-21
288.75        	1.353732e+00	6.768659e-01	6.768659e-01	1.850764e-01	9.380378e-02	9.127260e-02	1.265587e-03	-2.132650e-20	-1.112843e-20	-2.530618e-20	-2.378152e-20	-1.524662e-21
289           	1.353784e+00	6.768919e-01	6.768919e-01	1.810572e-01	9.150160e-02	8.955557e-02	9.730135e-04	-2.138325e-20	-1.113384e-20	-2.525162e-20	-2.375965e-20	-1.491973e-21
289.25        	1.353678e+00	6.768390e-01	6.768390e-01	1.749197e-01	8.812941e-02	8.679029e-02	6.695574e-04	-2.146185e-20	-1.114585e-20	-2.522163e-20	-2.375667e-20	-1.464962e-21
289.5         	1.353420e+00	6.767099e-01	6.767099e-01	1.668404e-01	8.377893e-02	8.306142e-02	3.587544e-04	-2.156088e-20	-1.116408e-20	-2.521866e-20	-2.377341e-20	-1.445253e-21
289.75        	1.353078e+00	6.765391e-01	6.765391e-01	1.569295e-01	7.850889e-02	7.842056e-02	4.416399e-05	-2.167890e-20	-1.119088e-20	-2.524962e-20	-2.381569e-20	-1.433935e-21
290           	1.352661e+00	6.763304e-01	6.763304e-01	1.452730e-01	7.236587e-02	7.290715e-02	-2.706391e-04	-2.181598e-20	-1.122388e-20	-2.531131e-20	-2.387953e-20	-1.431774e-21
290.25        	1.352066e+00	6.760328e-01	6.760328e-01	1.320873e-01	6.546160e-02	6.662567e-02	-5.820340e-04	-2.196821e-20	-1.126281e-20	-2.539890e-20	-2.396226e-20	-1.436645e-21
290.5         	1.351549e+00	6.757747e-01	6.757747e-01	1.172757e-01	5.775132e-02	5.952442e-02	-8.865500e-04	-2.213830e-20	-1.131166e-20	-2.552721e-20	-2.407526e-20	-1.451944e-21
290.75        	1.350945e+00	6.754726e-01	6.754726e-01	1.012578e-01	4.944812e-02	5.180969e-02	-1.180789e-03	-2.232044e-20	-1.136674e-20	-2.568454e-20	-2.420901e-20	-1.475531e-21
291           	1.350290e+00	6.751451e-01	6.751451e-01	8.396022e-02	4.051856e-02	4.344167e-02	-1.461557e-03	-2.251542e-20	-1.142865e-20	-2.586293e-20	-2.436012e-20	-1.502814e-21
291.25        	1.349701e+00	6.748506e-01	6.748506e-01	6.564714e-02	3.109781e-02	3.454932e-02	-1.725756e-03	-2.272096e-20	-1.149731e-20	-2.608181e-20	-2.453822e-20	-1.543589e-21
291.5         	1.349170e+00	6.745852e-01	6.745852e-01	4.687613e-02	2.146756e-02	2.540857e-02	-1.970507e-03	-2.293068e-20	-1.157065e-20	-2.631417e-20	-2.472774e-20	-1.586431e-21
291.75        	1.348697e+00	6.743484e-01	6.743484e-01	2.750116e-02	1.155758e-02	1.594358e-02	-2.193002e-03	-2.314612e-20	-1.164909e-20	-2.657017e-20	-2.493417e-20	-1.636000e-21
292           	1.348354e+00	6.741771e-01	6.741771e-01	7.638241e-03	1.428184e-03	6.210057e-03	-2.390937e-03	-2.336582e-20	-1.173310e-20	-2.685402e-20	-2.516011e-20	-1.693904e-21
292.25        	1.348139e+00	6.740693e-01	6.740693e-01	-1.214861e-02	-8.636451e-03	-3.512156e-03	-2.562148e-03	-2.358311e-20	-1.181890e-20	-2.714534e-20	-2.539158e-20	-1.753767e-21
292.5         	1.348069e+00	6.740347e-01	6.740347e-01	-3.182911e-02	-1.861924e-02	-1.320987e-02	-2.704686e-03	-2.379798e-20	-1.190666e-20	-2.744920e-20	-2.563126e-20	-1.817946e-21
292.75        	1.348012e+00	6.740060e-01	6.740060e-01	-5.113350e-02	-2.838425e-02	-2.274926e-02	-2.817493e-03	-2.400640e-20	-1.199336e-20	-2.776092e-20	-2.587382e-20	-1.887102e-21
293           	1.348226e+00	6.741128e-01	6.741128e-01	-7.000493e-02	-3.790137e-02	-3.210356e-02	-2.898905e-03	-2.420970e-20	-1.208183e-20	-2.807271e-20	-2.611819e-20	-1.954525e-21
293.25        	1.348526e+00	6.742632e-01	6.742632e-01	-8.800870e-02	-4.695256e-02	-4.105614e-02	-2.948213e-03	-2.440058e-20	-1.216669e-20	-2.839321e-20	-2.636329e-20	-2.029913e-21
293.5         	1.348926e+00	6.744629e-01	6.744629e-01	-1.052110e-01	-5.557046e-02	-4.964053e-02	-2.964967e-03	-2.458137e-20	-1.224832e-20	-2.870190e-20	-2.659927e-20	-2.102630e-21
293.75        	1.349379e+00	6.746895e-01	6.746895e-01	-1.208700e-01	-6.338401e-02	-5.748600e-02	-2.949003e-03	-2.474183e-20	-1.232518e-20	-2.900742e-20	-2.682889e-20	-2.178525e-21
294           	1.349808e+00	6.749042e-01	6.749042e-01	-1.353944e-01	-7.059718e-02	-6.479721e-02	-2.899984e-03	-2.488846e-20	-1.239557e-20	-2.929368e-20	-2.704241e-20	-2.251269e-21
294.25        	1.350399e+00	6.751995e-01	6.751995e-01	-1.484107e-01	-7.702361e-02	-7.138705e-02	-2.818281e-03	-2.501730e-20	-1.246154e-20	-2.957879e-20	-2.725094e-20	-2.327858e-21
294.5         	1.351083e+00	6.755413e-01	6.755413e-01	-1.596418e-01	-8.252577e-02	-7.711603e-02	-2.704870e-03	-2.512483e-20	-1.252170e-20	-2.984215e-20	-2.744277e-20	-2.399378e-21
294.75        	1.351592e+00	6.757960e-01	6.757960e-01	-1.690931e-01	-8.710739e-02	-8.198575e-02	-2.560820e-03	-2.521032e-20	-1.257234e-20	-3.008466e-20	-2.761468e-20	-2.469987e-21
295           	1.352195e+00	6.760976e-01	6.760976e-01	-1.767988e-01	-9.078702e-02	-8.601182e-02	-2.387596e-03	-2.527607e-20	-1.261699e-20	-3.031385e-20	-2.777391e-20	-2.539933e-21
295.25        	1.352674e+00	6.763372e-01	6.763372e-01	-1.823054e-01	-9.333980e-02	-8.896557e-02	-2.187115e-03	-2.531583e-20	-1.265212e-20	-3.050830e-20	-2.790627e-20	-2.602024e-21
295.5         	1.353081e+00	6.765403e-01	6.765403e-01	-1.858509e-01	-9.488723e-02	-9.096365e-02	-1.961789e-03	-2.533356e-20	-1.267847e-20	-3.067961e-20	-2.801828e-20	-2.661331e-21
295.75        	1.353409e+00	6.767046e-01	6.767046e-01	-1.872126e-01	-9.532041e-02	-9.189219e-02	-1.714111e-03	-2.532659e-20	-1.269606e-20	-3.082312e-20	-2.810762e-20	-2.715497e-21
296           	1.353640e+00	6.768199e-01	6.768199e-01	-1.866432e-01	-9.476858e-02	-9.187460e-02	-1.446993e-03	-2.529825e-20	-1.270602e-20	-3.094266e-20	-2.817735e-20	-2.765307e-21
296.25        	1.353679e+00	6.768394e-01	6.768394e-01	-1.838167e-01	-9.307181e-02	-9.074488e-02	-1.163467e-03	-2.524524e-20	-1.270420e-20	-3.102095e-20	-2.821467e-20	-2.806273e-21
296.5         	1.353754e+00	6.768768e-01	6.768768e-01	-1.790441e-01	-9.038891e-02	-8.865523e-02	-8.668364e-04	-2.517171e-20	-1.269608e-20	-3.108372e-20	-2.823795e-20	-2.845778e-21
296.75        	1.353468e+00	6.767341e-01	6.767341e-01	-1.722682e-01	-8.669466e-02	-8.557354e-02	-5.605601e-04	-2.507627e-20	-1.267604e-20	-3.109438e-20	-2.822323e-20	-2.871151e-21
297           	1.353135e+00	6.765673e-01	6.765673e-01	-1.634731e-01	-8.198476e-02	-8.148836e-02	-2.481983e-04	-2.496005e-20	-1.264758e-20	-3.107389e-20	-2.818453e-20	-2.889364e-21
297.25        	1.352829e+00	6.764143e-01	6.764143e-01	-1.530007e-01	-7.643364e-02	-7.656709e-02	6.672290e-05	-2.482784e-20	-1.261237e-20	-3.103337e-20	-2.812905e-20	-2.904318e-21
297.5         	1.352399e+00	6.761995e-01	6.761995e-01	-1.407891e-01	-7.001396e-02	-7.077509e-02	3.805678e-04	-2.467841e-20	-1.256843e-20	-3.095510e-20	-2.804597e-20	-2.909123e-21
297.75        	1.351834e+00	6.759169e-01	6.759169e-01	-1.269476e-01	-6.278402e-02	-6.416359e-02	6.897836e-04	-2.451294e-20	-1.251488e-20	-3.084029e-20	-2.793503e-20	-2.905267e-21
298           	1.351272e+00	6.756359e-01	6.756359e-01	-1.118818e-01	-5.495000e-02	-5.693185e-02	9.909244e-04	-2.433739e-20	-1.245507e-20	-3.069023e-20	-2.780019e-20	-2.890045e-21
298.25        	1.350643e+00	6.753213e-01	6.753213e-01	-9.524921e-02	-4.634395e-02	-4.890525e-02	1.280651e-03	-2.414644e-20	-1.238626e-20	-3.051453e-20	-2.764352e-20	-2.871004e-21
298.5         	1.350018e+00	6.750090e-01	6.750090e-01	-7.775834e-02	-3.732334e-02	-4.043500e-02	1.555830e-03	-2.394965e-20	-1.231179e-20	-3.030610e-20	-2.746484e-20	-2.841259e-21
298.75        	1.349489e+00	6.747446e-01	6.747446e-01	-5.932810e-02	-2.785062e-02	-3.147748e-02	1.813427e-03	-2.374541e-20	-1.223284e-20	-3.007582e-20	-2.727075e-20	-2.805069e-21
299           	1.348920e+00	6.744601e-01	6.744601e-01	-4.011252e-02	-1.800573e-02	-2.210679e-02	2.050529e-03	-2.353506e-20	-1.214782e-20	-2.981488e-20	-2.705526e-20	-2.759620e-21
299.25        	1.348533e+00	6.742666e-01	6.742666e-01	-2.062411e-02	-8.047477e-03	-1.257664e-02	2.264580e-03	-2.332584e-20	-1.206218e-20	-2.953782e-20	-2.683109e-20	-2.706734e-21
299.5         	1.348244e+00	6.741222e-01	6.741222e-01	-9.023076e-04	2.002171e-03	-2.904479e-03	2.453325e-03	-2.311613e-20	-1.197405e-20	-2.924752e-20	-2.659781e-20	-2.649708e-21
299.75        	1.347995e+00	6.739973e-01	6.739973e-01	1.910871e-02	1.216890e-02	6.939810e-03	2.614544e-03	-2.290480e-20	-1.188405e-20	-2.893837e-20	-2.635323e-20	-2.585137e-21
300           	1.347890e+00	6.739452e-01	6.739452e-01	3.877787e-02	2.213573e-02	1.664214e-02	2.746794e-03	-2.270004e-20	-1.179618e-20	-2.862535e-20	-2.610886e-20	-2.516492e-21
