Time        	Cd            	Cd(f)         	Cd(r)         	Cl            	Cl(f)         	Cl(r)         	CmPitch       	CmRoll        	CmYaw         	Cs            	Cs(f)         	Cs(r)         
200.25        	1.385896e+00	6.929480e-01	6.929480e-01	2.622432e-01	1.356357e-01	1.266075e-01	4.514114e-03	-2.218012e-20	-1.123541e-20	-3.267068e-20	-2.757076e-20	-5.099927e-21
200.5         	1.385881e+00	6.929403e-01	6.929403e-01	2.872674e-01	1.479018e-01	1.393655e-01	4.268158e-03	-2.197745e-20	-1.108895e-20	-3.272609e-20	-2.745200e-20	-5.274092e-21
200.75        	1.387530e+00	6.937650e-01	6.937650e-01	3.074900e-01	1.576926e-01	1.497974e-01	3.947585e-03	-2.181871e-20	-1.098011e-20	-3.241680e-20	-2.718851e-20	-5.228292e-21
201           	1.389280e+00	6.946400e-01	6.946400e-01	3.214409e-01	1.642784e-01	1.571625e-01	3.557968e-03	-2.172363e-20	-1.089759e-20	-3.202917e-20	-2.691218e-20	-5.116993e-21
201.25        	1.391666e+00	6.958330e-01	6.958330e-01	3.303593e-01	1.682859e-01	1.620735e-01	3.106206e-03	-2.168133e-20	-1.084519e-20	-3.173012e-20	-2.671025e-20	-5.019869e-21
201.5         	1.393387e+00	6.966935e-01	6.966935e-01	3.335564e-01	1.693787e-01	1.641777e-01	2.600506e-03	-2.169393e-20	-1.080699e-20	-3.146736e-20	-2.654067e-20	-4.926685e-21
201.75        	1.394988e+00	6.974940e-01	6.974940e-01	3.306406e-01	1.673703e-01	1.632703e-01	2.050038e-03	-2.176733e-20	-1.079276e-20	-3.128276e-20	-2.643414e-20	-4.848626e-21
202           	1.396205e+00	6.981026e-01	6.981026e-01	3.223955e-01	1.626625e-01	1.597330e-01	1.464762e-03	-2.189011e-20	-1.079796e-20	-3.122298e-20	-2.640945e-20	-4.813528e-21
202.25        	1.396380e+00	6.981898e-01	6.981898e-01	3.084681e-01	1.550892e-01	1.533789e-01	8.551210e-04	-2.206358e-20	-1.081381e-20	-3.116811e-20	-2.639787e-20	-4.770242e-21
202.5         	1.396390e+00	6.981951e-01	6.981951e-01	2.893053e-01	1.448845e-01	1.444208e-01	2.318640e-04	-2.228677e-20	-1.085222e-20	-3.124797e-20	-2.647620e-20	-4.771765e-21
202.75        	1.395560e+00	6.977799e-01	6.977799e-01	2.653747e-01	1.322932e-01	1.330815e-01	-3.941833e-04	-2.255195e-20	-1.090472e-20	-3.137246e-20	-2.659095e-20	-4.781514e-21
203           	1.394127e+00	6.970634e-01	6.970634e-01	2.367723e-01	1.173738e-01	1.193985e-01	-1.012394e-03	-2.286096e-20	-1.097209e-20	-3.157442e-20	-2.675930e-20	-4.815119e-21
203.25        	1.392288e+00	6.961439e-01	6.961439e-01	2.038427e-01	1.003090e-01	1.035337e-01	-1.612336e-03	-2.321175e-20	-1.105936e-20	-3.186770e-20	-2.699321e-20	-4.874496e-21
203.5         	1.389948e+00	6.949739e-01	6.949739e-01	1.676802e-01	8.165611e-02	8.602411e-02	-2.184002e-03	-2.359357e-20	-1.116096e-20	-3.221464e-20	-2.726829e-20	-4.946357e-21
203.75        	1.387623e+00	6.938115e-01	6.938115e-01	1.281497e-01	6.135702e-02	6.679264e-02	-2.717808e-03	-2.401217e-20	-1.128588e-20	-3.267677e-20	-2.762426e-20	-5.052508e-21
204           	1.385168e+00	6.925840e-01	6.925840e-01	8.669831e-02	4.014428e-02	4.655403e-02	-3.204879e-03	-2.445153e-20	-1.142718e-20	-3.317086e-20	-2.801261e-20	-5.158251e-21
204.25        	1.382952e+00	6.914761e-01	6.914761e-01	4.385288e-02	1.828934e-02	2.556355e-02	-3.637105e-03	-2.490922e-20	-1.158694e-20	-3.373540e-20	-2.845464e-20	-5.280766e-21
204.5         	1.380788e+00	6.903940e-01	6.903940e-01	2.539960e-04	-3.880230e-03	4.134226e-03	-4.007228e-03	-2.537803e-20	-1.176090e-20	-3.431191e-20	-2.891686e-20	-5.395052e-21
204.75        	1.379569e+00	6.897843e-01	6.897843e-01	-4.349489e-02	-2.605643e-02	-1.743846e-02	-4.308983e-03	-2.585270e-20	-1.195520e-20	-3.498085e-20	-2.944563e-20	-5.535225e-21
205           	1.378779e+00	6.893893e-01	6.893893e-01	-8.649734e-02	-4.778577e-02	-3.871158e-02	-4.537095e-03	-2.632293e-20	-1.215894e-20	-3.568429e-20	-3.000109e-20	-5.683205e-21
205.25        	1.378292e+00	6.891461e-01	6.891461e-01	-1.283530e-01	-6.886383e-02	-5.948916e-02	-4.687334e-03	-2.678332e-20	-1.236490e-20	-3.635904e-20	-3.054442e-20	-5.814619e-21
205.5         	1.378685e+00	6.893424e-01	6.893424e-01	-1.677947e-01	-8.865405e-02	-7.914061e-02	-4.756720e-03	-2.721956e-20	-1.257487e-20	-3.707490e-20	-3.111232e-20	-5.962578e-21
205.75        	1.379597e+00	6.897987e-01	6.897987e-01	-2.043190e-01	-1.069031e-01	-9.741587e-02	-4.743615e-03	-2.762470e-20	-1.277839e-20	-3.774038e-20	-3.164858e-20	-6.091796e-21
206           	1.380603e+00	6.903014e-01	6.903014e-01	-2.374569e-01	-1.233763e-01	-1.140807e-01	-4.647816e-03	-2.799171e-20	-1.296676e-20	-3.833019e-20	-3.213186e-20	-6.198335e-21
206.25        	1.382449e+00	6.912244e-01	6.912244e-01	-2.661108e-01	-1.375260e-01	-1.285847e-01	-4.470645e-03	-2.830705e-20	-1.314629e-20	-3.894264e-20	-3.261761e-20	-6.325025e-21
206.5         	1.384859e+00	6.924295e-01	6.924295e-01	-2.905709e-01	-1.495004e-01	-1.410704e-01	-4.214985e-03	-2.857521e-20	-1.331137e-20	-3.950920e-20	-3.306597e-20	-6.443232e-21
206.75        	1.386857e+00	6.934284e-01	6.934284e-01	-3.094876e-01	-1.586290e-01	-1.508585e-01	-3.885251e-03	-2.877432e-20	-1.344629e-20	-3.997633e-20	-3.343445e-20	-6.541879e-21
207           	1.389280e+00	6.946400e-01	6.946400e-01	-3.231564e-01	-1.650655e-01	-1.580909e-01	-3.487278e-03	-2.891220e-20	-1.356178e-20	-4.038261e-20	-3.375309e-20	-6.629518e-21
207.25        	1.391519e+00	6.957597e-01	6.957597e-01	-3.311291e-01	-1.685928e-01	-1.625363e-01	-3.028257e-03	-2.897916e-20	-1.364955e-20	-4.073598e-20	-3.401754e-20	-6.718447e-21
207.5         	1.392903e+00	6.964513e-01	6.964513e-01	-3.336561e-01	-1.693446e-01	-1.643115e-01	-2.516543e-03	-2.897756e-20	-1.370343e-20	-4.093200e-20	-3.416943e-20	-6.762571e-21
207.75        	1.394351e+00	6.971754e-01	6.971754e-01	-3.299054e-01	-1.669141e-01	-1.629913e-01	-1.961372e-03	-2.890009e-20	-1.373525e-20	-4.111283e-20	-3.429166e-20	-6.821164e-21
208           	1.395612e+00	6.978062e-01	6.978062e-01	-3.210892e-01	-1.619174e-01	-1.591718e-01	-1.372762e-03	-2.876115e-20	-1.374416e-20	-4.124099e-20	-3.436466e-20	-6.876331e-21
208.25        	1.395644e+00	6.978222e-01	6.978222e-01	-3.066303e-01	-1.540763e-01	-1.525540e-01	-7.611679e-04	-2.855119e-20	-1.371797e-20	-4.122886e-20	-3.433240e-20	-6.896461e-21
208.5         	1.395600e+00	6.978000e-01	6.978000e-01	-2.869417e-01	-1.436081e-01	-1.433335e-01	-1.373010e-04	-2.828104e-20	-1.367090e-20	-4.119305e-20	-3.426743e-20	-6.925622e-21
208.75        	1.394665e+00	6.973324e-01	6.973324e-01	-2.622419e-01	-1.306329e-01	-1.316090e-01	4.880596e-04	-2.795087e-20	-1.359445e-20	-4.104899e-20	-3.411894e-20	-6.930049e-21
209           	1.392996e+00	6.964982e-01	6.964982e-01	-2.331497e-01	-1.154705e-01	-1.176792e-01	1.104334e-03	-2.757119e-20	-1.349086e-20	-4.080046e-20	-3.389109e-20	-6.909369e-21
209.25        	1.391310e+00	6.956552e-01	6.956552e-01	-1.999081e-01	-9.825286e-02	-1.016552e-01	1.701191e-03	-2.714874e-20	-1.336807e-20	-4.052798e-20	-3.363206e-20	-6.895917e-21
209.5         	1.389017e+00	6.945084e-01	6.945084e-01	-1.630351e-01	-7.924888e-02	-8.378622e-02	2.268666e-03	-2.669123e-20	-1.321989e-20	-4.015594e-20	-3.329786e-20	-6.858082e-21
209.75        	1.386764e+00	6.933820e-01	6.933820e-01	-1.234863e-01	-5.894586e-02	-6.454043e-02	2.797283e-03	-2.621267e-20	-1.305425e-20	-3.972544e-20	-3.291697e-20	-6.808474e-21
210           	1.384459e+00	6.922296e-01	6.922296e-01	-8.197193e-02	-3.770773e-02	-4.426420e-02	3.278232e-03	-2.572305e-20	-1.287120e-20	-3.920827e-20	-3.247534e-20	-6.732933e-21
210.25        	1.382103e+00	6.910514e-01	6.910514e-01	-3.861001e-02	-1.560150e-02	-2.300851e-02	3.703507e-03	-2.522385e-20	-1.267258e-20	-3.862580e-20	-3.198548e-20	-6.640324e-21
210.5         	1.379908e+00	6.899539e-01	6.899539e-01	5.003847e-03	6.567871e-03	-1.564025e-03	4.065948e-03	-2.473667e-20	-1.246289e-20	-3.795480e-20	-3.144029e-20	-6.514505e-21
210.75        	1.378822e+00	6.894110e-01	6.894110e-01	4.862963e-02	2.867420e-02	1.995543e-02	4.359386e-03	-2.426369e-20	-1.225549e-20	-3.731312e-20	-3.091205e-20	-6.401067e-21
211           	1.378040e+00	6.890201e-01	6.890201e-01	9.177739e-02	5.046734e-02	4.131005e-02	4.578649e-03	-2.380937e-20	-1.204532e-20	-3.662967e-20	-3.036015e-20	-6.269514e-21
211.25        	1.377766e+00	6.888830e-01	6.888830e-01	1.334912e-01	7.146524e-02	6.202599e-02	4.719626e-03	-2.338265e-20	-1.183872e-20	-3.592186e-20	-2.979965e-20	-6.122212e-21
211.5         	1.378280e+00	6.891402e-01	6.891402e-01	1.724133e-01	9.098611e-02	8.142721e-02	4.779451e-03	-2.299943e-20	-1.164617e-20	-3.524620e-20	-2.926927e-20	-5.976929e-21
211.75        	1.379124e+00	6.895620e-01	6.895620e-01	2.088198e-01	1.091665e-01	9.965327e-02	4.756628e-03	-2.265143e-20	-1.146441e-20	-3.454722e-20	-2.873802e-20	-5.809206e-21
212           	1.380230e+00	6.901148e-01	6.901148e-01	2.416060e-01	1.254541e-01	1.161519e-01	4.651096e-03	-2.234978e-20	-1.129889e-20	-3.386554e-20	-2.823165e-20	-5.633883e-21
212.25        	1.382281e+00	6.911404e-01	6.911404e-01	2.700162e-01	1.394724e-01	1.305438e-01	4.464324e-03	-2.210244e-20	-1.115971e-20	-3.326282e-20	-2.779112e-20	-5.471699e-21
212.5         	1.384682e+00	6.923412e-01	6.923412e-01	2.940263e-01	1.512125e-01	1.428138e-01	4.199351e-03	-2.190447e-20	-1.104181e-20	-3.274298e-20	-2.741330e-20	-5.329681e-21
212.75        	1.386919e+00	6.934593e-01	6.934593e-01	3.124337e-01	1.600776e-01	1.523561e-01	3.860755e-03	-2.176649e-20	-1.094496e-20	-3.226500e-20	-2.707746e-20	-5.187535e-21
213           	1.389302e+00	6.946512e-01	6.946512e-01	3.256592e-01	1.662841e-01	1.593751e-01	3.454502e-03	-2.168245e-20	-1.087302e-20	-3.184985e-20	-2.679794e-20	-5.051909e-21
213.25        	1.391501e+00	6.957503e-01	6.957503e-01	3.329235e-01	1.694496e-01	1.634738e-01	2.987914e-03	-2.165725e-20	-1.082219e-20	-3.154591e-20	-2.659514e-20	-4.950767e-21
213.5         	1.393257e+00	6.966285e-01	6.966285e-01	3.349030e-01	1.699210e-01	1.649821e-01	2.469451e-03	-2.168230e-20	-1.079091e-20	-3.126777e-20	-2.642479e-20	-4.842974e-21
213.75        	1.394583e+00	6.972916e-01	6.972916e-01	3.306395e-01	1.672282e-01	1.634113e-01	1.908445e-03	-2.176729e-20	-1.077886e-20	-3.110051e-20	-2.632912e-20	-4.771391e-21
214           	1.395546e+00	6.977732e-01	6.977732e-01	3.210123e-01	1.618211e-01	1.591912e-01	1.314990e-03	-2.190107e-20	-1.078589e-20	-3.103305e-20	-2.630242e-20	-4.730629e-21
214.25        	1.395877e+00	6.979386e-01	6.979386e-01	3.061522e-01	1.537757e-01	1.523765e-01	6.995792e-04	-2.208194e-20	-1.080903e-20	-3.103218e-20	-2.632513e-20	-4.707057e-21
214.5         	1.395656e+00	6.978278e-01	6.978278e-01	2.857250e-01	1.429355e-01	1.427895e-01	7.297090e-05	-2.231555e-20	-1.084983e-20	-3.112173e-20	-2.641070e-20	-4.711031e-21
214.75        	1.394547e+00	6.972737e-01	6.972737e-01	2.604999e-01	1.296959e-01	1.308040e-01	-5.540705e-04	-2.259209e-20	-1.090320e-20	-3.126238e-20	-2.653439e-20	-4.727991e-21
215           	1.392921e+00	6.964604e-01	6.964604e-01	2.310826e-01	1.143704e-01	1.167123e-01	-1.170951e-03	-2.290725e-20	-1.097308e-20	-3.147316e-20	-2.670966e-20	-4.763498e-21
215.25        	1.391063e+00	6.955315e-01	6.955315e-01	1.971261e-01	9.679567e-02	1.003304e-01	-1.767363e-03	-2.326772e-20	-1.106502e-20	-3.179948e-20	-2.696476e-20	-4.834723e-21
215.5         	1.389150e+00	6.945750e-01	6.945750e-01	1.598666e-01	7.759994e-02	8.226665e-02	-2.333357e-03	-2.366382e-20	-1.117886e-20	-3.223412e-20	-2.729592e-20	-4.938201e-21
215.75        	1.386656e+00	6.933282e-01	6.933282e-01	1.198875e-01	5.708426e-02	6.280327e-02	-2.859509e-03	-2.408671e-20	-1.130572e-20	-3.268443e-20	-2.764793e-20	-5.036493e-21
216           	1.384425e+00	6.922127e-01	6.922127e-01	7.822124e-02	3.577357e-02	4.244766e-02	-3.337046e-03	-2.452917e-20	-1.145384e-20	-3.322055e-20	-2.806412e-20	-5.156435e-21
216.25        	1.382182e+00	6.910908e-01	6.910908e-01	3.497103e-02	1.372748e-02	2.124355e-02	-3.758037e-03	-2.499178e-20	-1.161648e-20	-3.378982e-20	-2.851139e-20	-5.278429e-21
216.5         	1.380251e+00	6.901253e-01	6.901253e-01	-9.212283e-03	-8.721512e-03	-4.907711e-04	-4.115371e-03	-2.546909e-20	-1.179750e-20	-3.440507e-20	-2.900004e-20	-5.405031e-21
216.75        	1.379183e+00	6.895916e-01	6.895916e-01	-5.294086e-02	-3.087339e-02	-2.206747e-02	-4.402962e-03	-2.594465e-20	-1.199576e-20	-3.508568e-20	-2.953860e-20	-5.547082e-21
217           	1.378275e+00	6.891376e-01	6.891376e-01	-9.636447e-02	-5.279794e-02	-4.356653e-02	-4.615705e-03	-2.642048e-20	-1.219909e-20	-3.577985e-20	-3.008902e-20	-5.690837e-21
217.25        	1.378004e+00	6.890018e-01	6.890018e-01	-1.379194e-01	-7.370928e-02	-6.421012e-02	-4.749584e-03	-2.687825e-20	-1.240872e-20	-3.646593e-20	-3.064169e-20	-5.824245e-21
217.5         	1.378629e+00	6.893146e-01	6.893146e-01	-1.768475e-01	-9.322560e-02	-8.362194e-02	-4.801829e-03	-2.731062e-20	-1.261998e-20	-3.717138e-20	-3.120567e-20	-5.965712e-21
217.75        	1.379454e+00	6.897268e-01	6.897268e-01	-2.133396e-01	-1.114409e-01	-1.018987e-01	-4.771080e-03	-2.771578e-20	-1.282165e-20	-3.782048e-20	-3.173189e-20	-6.088592e-21
218           	1.380882e+00	6.904412e-01	6.904412e-01	-2.454504e-01	-1.273826e-01	-1.180678e-01	-4.657411e-03	-2.807160e-20	-1.301089e-20	-3.842623e-20	-3.222400e-20	-6.202232e-21
218.25        	1.383016e+00	6.915079e-01	6.915079e-01	-2.735713e-01	-1.412481e-01	-1.323232e-01	-4.462424e-03	-2.838332e-20	-1.319128e-20	-3.901825e-20	-3.270040e-20	-6.317843e-21
218.5         	1.385318e+00	6.926592e-01	6.926592e-01	-2.967082e-01	-1.525434e-01	-1.441648e-01	-4.189328e-03	-2.863424e-20	-1.335051e-20	-3.957050e-20	-3.313576e-20	-6.434743e-21
218.75        	1.387676e+00	6.938381e-01	6.938381e-01	-3.149768e-01	-1.613312e-01	-1.536456e-01	-3.842832e-03	-2.882790e-20	-1.348474e-20	-4.002025e-20	-3.349486e-20	-6.525385e-21
219           	1.389926e+00	6.949631e-01	6.949631e-01	-3.276522e-01	-1.672552e-01	-1.603970e-01	-3.429076e-03	-2.895254e-20	-1.359278e-20	-4.040748e-20	-3.379653e-20	-6.610959e-21
219.25        	1.392115e+00	6.960574e-01	6.960574e-01	-3.346812e-01	-1.702961e-01	-1.643851e-01	-2.955507e-03	-2.900824e-20	-1.367628e-20	-4.073360e-20	-3.404308e-20	-6.690521e-21
219.5         	1.393618e+00	6.968092e-01	6.968092e-01	-3.358920e-01	-1.703767e-01	-1.655153e-01	-2.430731e-03	-2.899105e-20	-1.372707e-20	-4.092843e-20	-3.419128e-20	-6.737146e-21
219.75        	1.395487e+00	6.977433e-01	6.977433e-01	-3.312919e-01	-1.675102e-01	-1.637818e-01	-1.864182e-03	-2.890541e-20	-1.376013e-20	-4.113194e-20	-3.432610e-20	-6.805835e-21
220           	1.395961e+00	6.979803e-01	6.979803e-01	-3.208176e-01	-1.616749e-01	-1.591427e-01	-1.266059e-03	-2.874341e-20	-1.375432e-20	-4.118334e-20	-3.434599e-20	-6.837347e-21
220.25        	1.396402e+00	6.982011e-01	6.982011e-01	-3.055882e-01	-1.534410e-01	-1.521472e-01	-6.469223e-04	-2.852588e-20	-1.372870e-20	-4.121867e-20	-3.433804e-20	-6.880633e-21
220.5         	1.396241e+00	6.981205e-01	6.981205e-01	-2.845297e-01	-1.422824e-01	-1.422472e-01	-1.758323e-05	-2.823922e-20	-1.367610e-20	-4.116279e-20	-3.425749e-20	-6.905299e-21
220.75        	1.395089e+00	6.975443e-01	6.975443e-01	-2.588909e-01	-1.288343e-01	-1.300566e-01	6.111655e-04	-2.789814e-20	-1.359198e-20	-4.098988e-20	-3.408692e-20	-6.902958e-21
221           	1.393625e+00	6.968124e-01	6.968124e-01	-2.287173e-01	-1.131300e-01	-1.155874e-01	1.228701e-03	-2.750746e-20	-1.348652e-20	-4.075975e-20	-3.386639e-20	-6.893355e-21
221.25        	1.391175e+00	6.955873e-01	6.955873e-01	-1.943858e-01	-9.536815e-02	-9.901761e-02	1.824733e-03	-2.707097e-20	-1.335158e-20	-4.041032e-20	-3.355674e-20	-6.853586e-21
221.5         	1.389305e+00	6.946525e-01	6.946525e-01	-1.566378e-01	-7.592958e-02	-8.070818e-02	2.389300e-03	-2.660636e-20	-1.320342e-20	-4.007783e-20	-3.324234e-20	-6.835491e-21
221.75        	1.386869e+00	6.934345e-01	6.934345e-01	-1.163716e-01	-5.527277e-02	-6.109880e-02	2.913017e-03	-2.612145e-20	-1.303084e-20	-3.961334e-20	-3.283751e-20	-6.775831e-21
222           	1.384639e+00	6.923195e-01	6.923195e-01	-7.425223e-02	-3.373897e-02	-4.051327e-02	3.387149e-03	-2.562754e-20	-1.284446e-20	-3.910106e-20	-3.239499e-20	-6.706074e-21
222.25        	1.382496e+00	6.912478e-01	6.912478e-01	-3.080316e-02	-1.159776e-02	-1.920540e-02	3.803821e-03	-2.513213e-20	-1.264426e-20	-3.849889e-20	-3.189371e-20	-6.605184e-21
222.5         	1.380706e+00	6.903531e-01	6.903531e-01	1.358892e-02	1.095045e-02	2.638470e-03	4.155991e-03	-2.463886e-20	-1.243501e-20	-3.787086e-20	-3.137044e-20	-6.500421e-21
222.75        	1.379327e+00	6.896636e-01	6.896636e-01	5.757939e-02	3.322734e-02	2.435204e-02	4.437651e-03	-2.416426e-20	-1.222110e-20	-3.716521e-20	-3.080371e-20	-6.361502e-21
223           	1.378770e+00	6.893851e-01	6.893851e-01	1.008137e-01	5.505065e-02	4.576310e-02	4.643775e-03	-2.371254e-20	-1.201065e-20	-3.649040e-20	-3.025585e-20	-6.234552e-21
223.25        	1.378500e+00	6.892499e-01	6.892499e-01	1.421517e-01	7.584630e-02	6.630539e-02	4.770453e-03	-2.329266e-20	-1.180471e-20	-3.577566e-20	-2.969254e-20	-6.083120e-21
223.5         	1.379182e+00	6.895910e-01	6.895910e-01	1.809445e-01	9.528728e-02	8.565722e-02	4.815029e-03	-2.291363e-20	-1.161348e-20	-3.508976e-20	-2.915835e-20	-5.931404e-21
223.75        	1.380089e+00	6.900447e-01	6.900447e-01	2.172830e-01	1.134178e-01	1.038652e-01	4.776281e-03	-2.256862e-20	-1.143330e-20	-3.438716e-20	-2.862688e-20	-5.760285e-21
224           	1.381511e+00	6.907556e-01	6.907556e-01	2.490570e-01	1.291829e-01	1.198741e-01	4.654436e-03	-2.228093e-20	-1.127422e-20	-3.371762e-20	-2.813303e-20	-5.584594e-21
224.25        	1.383679e+00	6.918393e-01	6.918393e-01	2.769962e-01	1.429494e-01	1.340469e-01	4.451254e-03	-2.203977e-20	-1.113668e-20	-3.313215e-20	-2.770276e-20	-5.429389e-21
224.5         	1.385998e+00	6.929989e-01	6.929989e-01	2.995600e-01	1.539501e-01	1.456099e-01	4.170122e-03	-2.185807e-20	-1.102329e-20	-3.261364e-20	-2.733011e-20	-5.283529e-21
224.75        	1.388295e+00	6.941477e-01	6.941477e-01	3.173241e-01	1.624780e-01	1.548461e-01	3.815912e-03	-2.172773e-20	-1.093117e-20	-3.212983e-20	-2.699609e-20	-5.133741e-21
225           	1.390687e+00	6.953436e-01	6.953436e-01	3.294930e-01	1.681414e-01	1.613516e-01	3.394909e-03	-2.165398e-20	-1.086320e-20	-3.176533e-20	-2.674586e-20	-5.019466e-21
225.25        	1.392812e+00	6.964062e-01	6.964062e-01	3.358300e-01	1.708297e-01	1.650002e-01	2.914729e-03	-2.163862e-20	-1.081623e-20	-3.144036e-20	-2.653641e-20	-4.903953e-21
225.5         	1.394182e+00	6.970910e-01	6.970910e-01	3.362398e-01	1.705040e-01	1.657358e-01	2.384105e-03	-2.167845e-20	-1.078492e-20	-3.116426e-20	-2.636705e-20	-4.797209e-21
225.75        	1.395850e+00	6.979249e-01	6.979249e-01	3.313926e-01	1.675089e-01	1.638837e-01	1.812587e-03	-2.176907e-20	-1.078135e-20	-3.104615e-20	-2.630443e-20	-4.741724e-21
226           	1.396392e+00	6.981960e-01	6.981960e-01	3.203770e-01	1.613990e-01	1.589780e-01	1.210452e-03	-2.191559e-20	-1.078885e-20	-3.095680e-20	-2.626725e-20	-4.689553e-21
226.25        	1.396631e+00	6.983153e-01	6.983153e-01	3.040872e-01	1.526319e-01	1.514553e-01	5.883419e-04	-2.211086e-20	-1.081656e-20	-3.099529e-20	-2.631420e-20	-4.681083e-21
226.5         	1.396768e+00	6.983839e-01	6.983839e-01	2.828191e-01	1.413666e-01	1.414525e-01	-4.291117e-05	-2.235383e-20	-1.086641e-20	-3.113980e-20	-2.643631e-20	-4.703491e-21
226.75        	1.395637e+00	6.978184e-01	6.978184e-01	2.563968e-01	1.275259e-01	1.288709e-01	-6.724725e-04	-2.264230e-20	-1.092649e-20	-3.131443e-20	-2.658371e-20	-4.730724e-21
227           	1.393905e+00	6.969525e-01	6.969525e-01	2.256567e-01	1.115386e-01	1.141181e-01	-1.289719e-03	-2.297123e-20	-1.100063e-20	-3.155124e-20	-2.677625e-20	-4.774988e-21
227.25        	1.391635e+00	6.958175e-01	6.958175e-01	1.908726e-01	9.355193e-02	9.732069e-02	-1.884381e-03	-2.333898e-20	-1.109198e-20	-3.186835e-20	-2.702615e-20	-4.842191e-21
227.5         	1.389251e+00	6.946256e-01	6.946256e-01	1.528239e-01	7.396546e-02	7.885847e-02	-2.446507e-03	-2.374068e-20	-1.120496e-20	-3.228363e-20	-2.734678e-20	-4.936853e-21
227.75        	1.386972e+00	6.934859e-01	6.934859e-01	1.122496e-01	5.315806e-02	5.909158e-02	-2.966763e-03	-2.417118e-20	-1.133832e-20	-3.277153e-20	-2.772409e-20	-5.047446e-21
228           	1.384746e+00	6.923732e-01	6.923732e-01	6.993714e-02	3.153210e-02	3.840504e-02	-3.436469e-03	-2.462170e-20	-1.149130e-20	-3.332666e-20	-2.815463e-20	-5.172027e-21
228.25        	1.382412e+00	6.912059e-01	6.912059e-01	2.598606e-02	9.145222e-03	1.684084e-02	-3.847808e-03	-2.509282e-20	-1.165802e-20	-3.390369e-20	-2.860987e-20	-5.293820e-21
228.5         	1.380931e+00	6.904653e-01	6.904653e-01	-1.780972e-02	-1.309871e-02	-4.711003e-03	-4.193854e-03	-2.556686e-20	-1.184645e-20	-3.455503e-20	-2.912396e-20	-5.431066e-21
228.75        	1.379642e+00	6.898210e-01	6.898210e-01	-6.219002e-02	-3.556367e-02	-2.662635e-02	-4.468661e-03	-2.605093e-20	-1.204456e-20	-3.522442e-20	-2.965677e-20	-5.567655e-21
229           	1.379058e+00	6.895291e-01	6.895291e-01	-1.051838e-01	-5.725923e-02	-4.792459e-02	-4.667320e-03	-2.652300e-20	-1.225330e-20	-3.594265e-20	-3.022463e-20	-5.718027e-21
229.25        	1.378844e+00	6.894220e-01	6.894220e-01	-1.464584e-01	-7.801523e-02	-6.844316e-02	-4.786031e-03	-2.697822e-20	-1.246219e-20	-3.662591e-20	-3.077514e-20	-5.850763e-21
229.5         	1.379526e+00	6.897631e-01	6.897631e-01	-1.852858e-01	-9.746519e-02	-8.782063e-02	-4.822277e-03	-2.740961e-20	-1.267343e-20	-3.733341e-20	-3.134013e-20	-5.993272e-21
229.75        	1.380791e+00	6.903956e-01	6.903956e-01	-2.207304e-01	-1.151402e-01	-1.055902e-01	-4.774994e-03	-2.780410e-20	-1.287682e-20	-3.799271e-20	-3.187318e-20	-6.119532e-21
230           	1.382238e+00	6.911190e-01	6.911190e-01	-2.523974e-01	-1.308432e-01	-1.215541e-01	-4.644549e-03	-2.815456e-20	-1.306482e-20	-3.859893e-20	-3.236428e-20	-6.234647e-21
230.25        	1.384024e+00	6.920118e-01	6.920118e-01	-2.799661e-01	-1.444159e-01	-1.355501e-01	-4.432893e-03	-2.845827e-20	-1.323691e-20	-3.915297e-20	-3.281339e-20	-6.339572e-21
230.5         	1.386516e+00	6.932580e-01	6.932580e-01	-3.021646e-01	-1.552259e-01	-1.469387e-01	-4.143570e-03	-2.869877e-20	-1.339252e-20	-3.968991e-20	-3.323747e-20	-6.452437e-21
230.75        	1.388693e+00	6.943467e-01	6.943467e-01	-3.194666e-01	-1.635149e-01	-1.559517e-01	-3.781631e-03	-2.887949e-20	-1.351918e-20	-4.011138e-20	-3.357486e-20	-6.536512e-21
231           	1.391168e+00	6.955839e-01	6.955839e-01	-3.311283e-01	-1.689176e-01	-1.622106e-01	-3.353509e-03	-2.899247e-20	-1.362584e-20	-4.052197e-20	-3.388683e-20	-6.635143e-21
231.25        	1.393192e+00	6.965961e-01	6.965961e-01	-3.365995e-01	-1.711667e-01	-1.654328e-01	-2.866975e-03	-2.902883e-20	-1.370125e-20	-4.079423e-20	-3.409837e-20	-6.695862e-21
231.5         	1.394905e+00	6.974527e-01	6.974527e-01	-3.364228e-01	-1.705422e-01	-1.658805e-01	-2.330865e-03	-2.899517e-20	-1.374936e-20	-4.102493e-20	-3.426182e-20	-6.763109e-21
231.75        	1.396362e+00	6.981810e-01	6.981810e-01	-3.310149e-01	-1.672623e-01	-1.637526e-01	-1.754855e-03	-2.889777e-20	-1.377268e-20	-4.118776e-20	-3.436656e-20	-6.821197e-21
232           	1.397070e+00	6.985349e-01	6.985349e-01	-3.195244e-01	-1.609115e-01	-1.586129e-01	-1.149268e-03	-2.872476e-20	-1.376514e-20	-4.125610e-20	-3.439319e-20	-6.862907e-21
232.25        	1.396796e+00	6.983979e-01	6.983979e-01	-3.025793e-01	-1.518145e-01	-1.507648e-01	-5.248099e-04	-2.848433e-20	-1.372754e-20	-4.121772e-20	-3.433640e-20	-6.881327e-21
232.5         	1.396618e+00	6.983088e-01	6.983088e-01	-2.804987e-01	-1.401417e-01	-1.403570e-01	1.076521e-04	-2.818612e-20	-1.366828e-20	-4.115418e-20	-3.424537e-20	-6.908809e-21
232.75        	1.395712e+00	6.978559e-01	6.978559e-01	-2.535727e-01	-1.260490e-01	-1.275237e-01	7.373108e-04	-2.783127e-20	-1.358386e-20	-4.100629e-20	-3.408701e-20	-6.919283e-21
233           	1.393765e+00	6.968824e-01	6.968824e-01	-2.226535e-01	-1.099732e-01	-1.126803e-01	1.353529e-03	-2.743125e-20	-1.346902e-20	-4.073480e-20	-3.383642e-20	-6.898379e-21
233.25        	1.391713e+00	6.958563e-01	6.958563e-01	-1.874142e-01	-9.176105e-02	-9.565318e-02	1.946065e-03	-2.698711e-20	-1.333391e-20	-4.042763e-20	-3.354773e-20	-6.879904e-21
233.5         	1.389067e+00	6.945335e-01	6.945335e-01	-1.490547e-01	-7.202232e-02	-7.703233e-02	2.505006e-03	-2.651544e-20	-1.317235e-20	-3.999686e-20	-3.317078e-20	-6.826085e-21
233.75        	1.386819e+00	6.934096e-01	6.934096e-01	-1.080623e-01	-5.101007e-02	-5.705222e-02	3.021073e-03	-2.602468e-20	-1.299904e-20	-3.953973e-20	-3.276891e-20	-6.770822e-21
234           	1.384432e+00	6.922159e-01	6.922159e-01	-6.527779e-02	-2.915324e-02	-3.612455e-02	3.485654e-03	-2.552456e-20	-1.280683e-20	-3.900672e-20	-3.231019e-20	-6.696527e-21
234.25        	1.382408e+00	6.912042e-01	6.912042e-01	-2.151572e-02	-6.866837e-03	-1.464888e-02	3.891024e-03	-2.502912e-20	-1.260391e-20	-3.839771e-20	-3.180276e-20	-6.594950e-21
234.5         	1.380903e+00	6.904515e-01	6.904515e-01	2.266701e-02	1.556384e-02	7.103174e-03	4.230333e-03	-2.454271e-20	-1.239539e-20	-3.776940e-20	-3.128009e-20	-6.489315e-21
234.75        	1.379687e+00	6.898437e-01	6.898437e-01	6.691601e-02	3.795576e-02	2.896025e-02	4.497755e-03	-2.406843e-20	-1.218115e-20	-3.706936e-20	-3.071583e-20	-6.353529e-21
235           	1.379243e+00	6.896213e-01	6.896213e-01	1.097621e-01	5.956951e-02	5.019257e-02	4.688470e-03	-2.362378e-20	-1.197132e-20	-3.638232e-20	-3.016248e-20	-6.219846e-21
235.25        	1.378962e+00	6.894812e-01	6.894812e-01	1.509338e-01	8.026573e-02	7.066811e-02	4.798808e-03	-2.320810e-20	-1.176515e-20	-3.564875e-20	-2.958952e-20	-6.059227e-21
235.5         	1.379770e+00	6.898850e-01	6.898850e-01	1.895899e-01	9.962134e-02	8.996855e-02	4.826396e-03	-2.283223e-20	-1.157559e-20	-3.496759e-20	-2.905939e-20	-5.908201e-21
235.75        	1.380940e+00	6.904700e-01	6.904700e-01	2.242928e-01	1.169167e-01	1.073761e-01	4.770319e-03	-2.250770e-20	-1.140141e-20	-3.428435e-20	-2.854359e-20	-5.740763e-21
236           	1.382742e+00	6.913710e-01	6.913710e-01	2.559014e-01	1.325818e-01	1.233196e-01	4.631102e-03	-2.222369e-20	-1.124650e-20	-3.365483e-20	-2.807391e-20	-5.580911e-21
236.25        	1.384440e+00	6.922201e-01	6.922201e-01	2.828200e-01	1.458209e-01	1.369991e-01	4.410891e-03	-2.199221e-20	-1.110996e-20	-3.303857e-20	-2.762924e-20	-5.409329e-21
236.5         	1.386902e+00	6.934509e-01	6.934509e-01	3.045117e-01	1.563692e-01	1.481425e-01	4.113374e-03	-2.182118e-20	-1.100276e-20	-3.252037e-20	-2.726295e-20	-5.257429e-21
236.75        	1.389370e+00	6.946849e-01	6.946849e-01	3.212475e-01	1.643675e-01	1.568800e-01	3.743773e-03	-2.170117e-20	-1.091701e-20	-3.207226e-20	-2.695313e-20	-5.119122e-21
237           	1.391529e+00	6.957644e-01	6.957644e-01	3.321214e-01	1.693694e-01	1.627520e-01	3.308680e-03	-2.164061e-20	-1.085151e-20	-3.169071e-20	-2.669686e-20	-4.993845e-21
237.25        	1.393614e+00	6.968070e-01	6.968070e-01	3.372147e-01	1.714234e-01	1.657914e-01	2.815995e-03	-2.163739e-20	-1.080952e-20	-3.138242e-20	-2.650073e-20	-4.881686e-21
237.5         	1.395228e+00	6.976140e-01	6.976140e-01	3.363149e-01	1.704321e-01	1.658828e-01	2.274669e-03	-2.169111e-20	-1.078740e-20	-3.116603e-20	-2.637042e-20	-4.795612e-21
237.75        	1.396425e+00	6.982127e-01	6.982127e-01	3.301709e-01	1.667800e-01	1.633910e-01	1.694483e-03	-2.179255e-20	-1.078214e-20	-3.103935e-20	-2.630181e-20	-4.737542e-21
238           	1.397247e+00	6.986236e-01	6.986236e-01	3.181580e-01	1.601648e-01	1.579932e-01	1.085802e-03	-2.194917e-20	-1.079921e-20	-3.099741e-20	-2.629792e-20	-4.699494e-21
238.25        	1.397260e+00	6.986299e-01	6.986299e-01	3.007557e-01	1.508372e-01	1.499185e-01	4.593789e-04	-2.215420e-20	-1.082845e-20	-3.103538e-20	-2.634614e-20	-4.689240e-21
238.5         	1.396612e+00	6.983059e-01	6.983059e-01	2.781791e-01	1.389157e-01	1.392634e-01	-1.738811e-04	-2.240687e-20	-1.087553e-20	-3.113748e-20	-2.644427e-20	-4.693206e-21
238.75        	1.395731e+00	6.978655e-01	6.978655e-01	2.507622e-01	1.245779e-01	1.261843e-01	-8.032059e-04	-2.270636e-20	-1.094288e-20	-3.135904e-20	-2.662241e-20	-4.736637e-21
239           	1.393682e+00	6.968411e-01	6.968411e-01	2.193760e-01	1.082701e-01	1.111060e-01	-1.417956e-03	-2.303958e-20	-1.101683e-20	-3.159732e-20	-2.681549e-20	-4.781831e-21
239.25        	1.391668e+00	6.958338e-01	6.958338e-01	1.836563e-01	8.982023e-02	9.383609e-02	-2.007928e-03	-2.341877e-20	-1.111814e-20	-3.196230e-20	-2.709929e-20	-4.863013e-21
239.5         	1.388910e+00	6.944552e-01	6.944552e-01	1.446594e-01	6.976645e-02	7.489295e-02	-2.563249e-03	-2.382974e-20	-1.123093e-20	-3.236788e-20	-2.741487e-20	-4.953010e-21
239.75        	1.386574e+00	6.932871e-01	6.932871e-01	1.035563e-01	4.870344e-02	5.485287e-02	-3.074716e-03	-2.426555e-20	-1.136757e-20	-3.286914e-20	-2.780214e-20	-5.067001e-21
240           	1.384307e+00	6.921533e-01	6.921533e-01	6.075577e-02	2.684410e-02	3.391167e-02	-3.533787e-03	-2.472176e-20	-1.152401e-20	-3.343954e-20	-2.824378e-20	-5.195760e-21
240.25        	1.382328e+00	6.911639e-01	6.911639e-01	1.678098e-02	4.457680e-03	1.232330e-02	-3.932810e-03	-2.519446e-20	-1.169909e-20	-3.404110e-20	-2.871964e-20	-5.321457e-21
240.5         	1.380815e+00	6.904074e-01	6.904074e-01	-2.747605e-02	-1.800308e-02	-9.472966e-03	-4.265058e-03	-2.567439e-20	-1.188984e-20	-3.470154e-20	-2.924061e-20	-5.460932e-21
240.75        	1.379786e+00	6.898932e-01	6.898932e-01	-7.152773e-02	-4.028867e-02	-3.123907e-02	-4.524799e-03	-2.615607e-20	-1.209223e-20	-3.538223e-20	-2.978335e-20	-5.598883e-21
241           	1.379124e+00	6.895621e-01	6.895621e-01	-1.141329e-01	-6.177379e-02	-5.235916e-02	-4.707319e-03	-2.662334e-20	-1.229918e-20	-3.608620e-20	-3.034228e-20	-5.743919e-21
241.25        	1.379085e+00	6.895423e-01	6.895423e-01	-1.553282e-01	-8.247316e-02	-7.285501e-02	-4.809074e-03	-2.707919e-20	-1.250962e-20	-3.676836e-20	-3.089380e-20	-5.874559e-21
241.5         	1.379999e+00	6.899996e-01	6.899996e-01	-1.939578e-01	-1.018068e-01	-9.215108e-02	-4.827845e-03	-2.750912e-20	-1.272269e-20	-3.749022e-20	-3.146779e-20	-6.022422e-21
241.75        	1.381176e+00	6.905880e-01	6.905880e-01	-2.280993e-01	-1.188125e-01	-1.092868e-01	-4.762871e-03	-2.788751e-20	-1.292003e-20	-3.811934e-20	-3.197970e-20	-6.139645e-21
242           	1.382902e+00	6.914512e-01	6.914512e-01	-2.593573e-01	-1.342935e-01	-1.250638e-01	-4.614842e-03	-2.823483e-20	-1.310910e-20	-3.874387e-20	-3.248104e-20	-6.262834e-21
242.25        	1.384884e+00	6.924420e-01	6.924420e-01	-2.857187e-01	-1.472454e-01	-1.384733e-01	-4.386076e-03	-2.852377e-20	-1.327742e-20	-3.929855e-20	-3.292670e-20	-6.371852e-21
242.5         	1.387061e+00	6.935303e-01	6.935303e-01	-3.066723e-01	-1.574166e-01	-1.492557e-01	-4.080434e-03	-2.874840e-20	-1.342355e-20	-3.977669e-20	-3.331189e-20	-6.464793e-21
242.75        	1.389602e+00	6.948009e-01	6.948009e-01	-3.228305e-01	-1.651185e-01	-1.577119e-01	-3.703280e-03	-2.891617e-20	-1.355037e-20	-4.022226e-20	-3.366150e-20	-6.560757e-21
243           	1.391723e+00	6.958616e-01	6.958616e-01	-3.330346e-01	-1.697787e-01	-1.632559e-01	-3.261375e-03	-2.901016e-20	-1.364696e-20	-4.057697e-20	-3.393544e-20	-6.641525e-21
243.25        	1.393893e+00	6.969463e-01	6.969463e-01	-3.375675e-01	-1.715465e-01	-1.660210e-01	-2.762743e-03	-2.903569e-20	-1.371823e-20	-4.085475e-20	-3.414560e-20	-6.709149e-21
243.5         	1.395725e+00	6.978627e-01	6.978627e-01	-3.363551e-01	-1.703940e-01	-1.659611e-01	-2.216432e-03	-2.898973e-20	-1.376362e-20	-4.108643e-20	-3.430684e-20	-6.779589e-21
243.75        	1.396498e+00	6.982488e-01	6.982488e-01	-3.295705e-01	-1.664176e-01	-1.631529e-01	-1.632330e-03	-2.887327e-20	-1.377329e-20	-4.118197e-20	-3.436428e-20	-6.817691e-21
244           	1.397361e+00	6.986804e-01	6.986804e-01	-3.167285e-01	-1.593851e-01	-1.573434e-01	-1.020843e-03	-2.868467e-20	-1.376349e-20	-4.124949e-20	-3.438823e-20	-6.861254e-21
244.25        	1.397494e+00	6.987469e-01	6.987469e-01	-2.986323e-01	-1.497089e-01	-1.489234e-01	-3.927613e-04	-2.843239e-20	-1.372597e-20	-4.124379e-20	-3.434787e-20	-6.895919e-21
244.5         	1.396623e+00	6.983116e-01	6.983116e-01	-2.755838e-01	-1.375509e-01	-1.380329e-01	2.409942e-04	-2.812046e-20	-1.365540e-20	-4.111947e-20	-3.421513e-20	-6.904336e-21
244.75        	1.395446e+00	6.977231e-01	6.977231e-01	-2.478252e-01	-1.230429e-01	-1.247823e-01	8.696728e-04	-2.775633e-20	-1.356429e-20	-4.093864e-20	-3.403361e-20	-6.905034e-21
245           	1.393783e+00	6.968916e-01	6.968916e-01	-2.159527e-01	-1.064937e-01	-1.094590e-01	1.482650e-03	-2.734733e-20	-1.344769e-20	-4.067780e-20	-3.378659e-20	-6.891208e-21
245.25        	1.391416e+00	6.957082e-01	6.957082e-01	-1.796853e-01	-8.777290e-02	-9.191240e-02	2.069754e-03	-2.689221e-20	-1.330270e-20	-4.032559e-20	-3.346550e-20	-6.860099e-21
245.5         	1.389073e+00	6.945364e-01	6.945364e-01	-1.407348e-01	-6.774624e-02	-7.298860e-02	2.621179e-03	-2.641620e-20	-1.314163e-20	-3.991549e-20	-3.309937e-20	-6.816121e-21
245.75        	1.386454e+00	6.932270e-01	6.932270e-01	-9.932587e-02	-4.653517e-02	-5.279070e-02	3.127762e-03	-2.592205e-20	-1.296061e-20	-3.940604e-20	-3.266363e-20	-6.742407e-21
246           	1.384069e+00	6.920343e-01	6.920343e-01	-5.623606e-02	-2.453698e-02	-3.169909e-02	3.581054e-03	-2.542173e-20	-1.276540e-20	-3.886399e-20	-3.219739e-20	-6.666598e-21
246.25        	1.382260e+00	6.911301e-01	6.911301e-01	-1.216650e-02	-2.109758e-03	-1.005674e-02	3.973492e-03	-2.492595e-20	-1.256181e-20	-3.825249e-20	-3.168806e-20	-6.564429e-21
246.5         	1.380720e+00	6.903600e-01	6.903600e-01	3.233429e-02	2.046560e-02	1.186870e-02	4.298449e-03	-2.443788e-20	-1.234982e-20	-3.760264e-20	-3.115114e-20	-6.451503e-21
246.75        	1.379651e+00	6.898253e-01	6.898253e-01	7.605163e-02	4.257612e-02	3.347551e-02	4.550304e-03	-2.397286e-20	-1.213605e-20	-3.690767e-20	-3.058989e-20	-6.317787e-21
247           	1.379051e+00	6.895254e-01	6.895254e-01	1.190040e-01	6.422642e-02	5.477754e-02	4.724437e-03	-2.352824e-20	-1.192401e-20	-3.620962e-20	-3.002882e-20	-6.180804e-21
247.25        	1.379199e+00	6.895997e-01	6.895997e-01	1.592970e-01	8.446595e-02	7.483102e-02	4.817468e-03	-2.312658e-20	-1.172330e-20	-3.547802e-20	-2.946231e-20	-6.015710e-21
247.5         	1.379953e+00	6.899763e-01	6.899763e-01	1.973248e-01	1.034897e-01	9.383507e-02	4.827309e-03	-2.275922e-20	-1.153490e-20	-3.480581e-20	-2.893781e-20	-5.868007e-21
247.75        	1.381390e+00	6.906949e-01	6.906949e-01	2.318406e-01	1.206736e-01	1.111669e-01	4.753334e-03	-2.243880e-20	-1.136640e-20	-3.412481e-20	-2.842880e-20	-5.696010e-21
248           	1.383295e+00	6.916476e-01	6.916476e-01	2.626716e-01	1.359323e-01	1.267394e-01	4.596437e-03	-2.216400e-20	-1.121614e-20	-3.350759e-20	-2.796993e-20	-5.537659e-21
248.25        	1.385281e+00	6.926404e-01	6.926404e-01	2.880680e-01	1.483931e-01	1.396749e-01	4.359106e-03	-2.195068e-20	-1.108716e-20	-3.293493e-20	-2.755462e-20	-5.380310e-21
248.5         	1.387596e+00	6.937979e-01	6.937979e-01	3.090706e-01	1.585807e-01	1.504900e-01	4.045344e-03	-2.178587e-20	-1.098132e-20	-3.241423e-20	-2.718843e-20	-5.225796e-21
248.75        	1.389950e+00	6.949751e-01	6.949751e-01	3.243367e-01	1.658291e-01	1.585077e-01	3.660704e-03	-2.168157e-20	-1.090030e-20	-3.197092e-20	-2.688576e-20	-5.085160e-21
249           	1.392147e+00	6.960734e-01	6.960734e-01	3.340151e-01	1.702196e-01	1.637955e-01	3.212082e-03	-2.163315e-20	-1.084076e-20	-3.159757e-20	-2.663954e-20	-4.958030e-21
249.25        	1.394188e+00	6.970941e-01	6.970941e-01	3.379127e-01	1.716640e-01	1.662487e-01	2.707635e-03	-2.164112e-20	-1.080339e-20	-3.133136e-20	-2.646907e-20	-4.862286e-21
249.5         	1.395938e+00	6.979690e-01	6.979690e-01	3.361544e-01	1.702337e-01	1.659207e-01	2.156508e-03	-2.170295e-20	-1.078691e-20	-3.113203e-20	-2.635293e-20	-4.779103e-21
249.75        	1.396673e+00	6.983363e-01	6.983363e-01	3.283293e-01	1.657333e-01	1.625960e-01	1.568685e-03	-2.182005e-20	-1.078375e-20	-3.099606e-20	-2.628178e-20	-4.714286e-21
250           	1.397283e+00	6.986414e-01	6.986414e-01	3.150331e-01	1.584711e-01	1.565619e-01	9.546044e-04	-2.198819e-20	-1.080188e-20	-3.097048e-20	-2.628712e-20	-4.683365e-21
250.25        	1.397458e+00	6.987290e-01	6.987290e-01	2.965089e-01	1.485796e-01	1.479294e-01	3.251013e-04	-2.220478e-20	-1.083970e-20	-3.104741e-20	-2.636341e-20	-4.684002e-21
250.5         	1.396520e+00	6.982602e-01	6.982602e-01	2.731479e-01	1.362650e-01	1.368828e-01	-3.089017e-04	-2.246292e-20	-1.088620e-20	-3.116261e-20	-2.646750e-20	-4.695110e-21
250.75        	1.395353e+00	6.976766e-01	6.976766e-01	2.447407e-01	1.214337e-01	1.233070e-01	-9.366639e-04	-2.277114e-20	-1.095599e-20	-3.138819e-20	-2.665008e-20	-4.738108e-21
251           	1.393558e+00	6.967789e-01	6.967789e-01	2.120902e-01	1.044975e-01	1.075927e-01	-1.547597e-03	-2.311918e-20	-1.104071e-20	-3.167843e-20	-2.687992e-20	-4.798502e-21
251.25        	1.391161e+00	6.955807e-01	6.955807e-01	1.756946e-01	8.571571e-02	8.997885e-02	-2.131568e-03	-2.350327e-20	-1.114018e-20	-3.203922e-20	-2.715979e-20	-4.879436e-21
251.5         	1.388776e+00	6.943880e-01	6.943880e-01	1.363952e-01	6.551880e-02	7.087643e-02	-2.678816e-03	-2.391885e-20	-1.126283e-20	-3.248607e-20	-2.750586e-20	-4.980211e-21
251.75        	1.386299e+00	6.931497e-01	6.931497e-01	9.460152e-02	4.412051e-02	5.048101e-02	-3.180251e-03	-2.436197e-20	-1.140296e-20	-3.298711e-20	-2.789651e-20	-5.090599e-21
252           	1.383790e+00	6.918951e-01	6.918951e-01	5.140955e-02	2.207726e-02	2.933229e-02	-3.627518e-03	-2.482241e-20	-1.155812e-20	-3.354437e-20	-2.833030e-20	-5.214066e-21
252.25        	1.382027e+00	6.910133e-01	6.910133e-01	7.497035e-03	-2.646226e-04	7.761658e-03	-4.013140e-03	-2.529561e-20	-1.173788e-20	-3.417065e-20	-2.882320e-20	-5.347445e-21
252.5         	1.380481e+00	6.902405e-01	6.902405e-01	-3.727687e-02	-2.296903e-02	-1.430784e-02	-4.330593e-03	-2.578215e-20	-1.193081e-20	-3.483333e-20	-2.934747e-20	-5.485858e-21
252.75        	1.379624e+00	6.898121e-01	6.898121e-01	-8.077526e-02	-4.496200e-02	-3.581326e-02	-4.574369e-03	-2.625713e-20	-1.213602e-20	-3.553929e-20	-2.990567e-20	-5.633623e-21
253           	1.379269e+00	6.896344e-01	6.896344e-01	-1.233438e-01	-6.641188e-02	-5.693194e-02	-4.739971e-03	-2.672664e-20	-1.234696e-20	-3.625046e-20	-3.047219e-20	-5.778273e-21
253.25        	1.379442e+00	6.897211e-01	6.897211e-01	-1.638977e-01	-8.677297e-02	-7.712470e-02	-4.824131e-03	-2.717566e-20	-1.255927e-20	-3.693940e-20	-3.102896e-20	-5.910434e-21
253.5         	1.380187e+00	6.900934e-01	6.900934e-01	-2.014507e-01	-1.055503e-01	-9.590039e-02	-4.824950e-03	-2.759204e-20	-1.276547e-20	-3.763705e-20	-3.158399e-20	-6.053057e-21
253.75        	1.381539e+00	6.907695e-01	6.907695e-01	-2.355342e-01	-1.225091e-01	-1.130252e-01	-4.741941e-03	-2.797137e-20	-1.296284e-20	-3.825567e-20	-3.209068e-20	-6.164990e-21
254           	1.383580e+00	6.917898e-01	6.917898e-01	-2.653726e-01	-1.372625e-01	-1.281101e-01	-4.576173e-03	-2.830189e-20	-1.314948e-20	-3.888520e-20	-3.259208e-20	-6.293122e-21
254.25        	1.385580e+00	6.927899e-01	6.927899e-01	-2.906152e-01	-1.496379e-01	-1.409773e-01	-4.330290e-03	-2.857746e-20	-1.331334e-20	-3.942804e-20	-3.302736e-20	-6.400679e-21
254.5         	1.387932e+00	6.939658e-01	6.939658e-01	-3.111294e-01	-1.595732e-01	-1.515562e-01	-4.008485e-03	-2.879792e-20	-1.345862e-20	-3.992149e-20	-3.341936e-20	-6.502128e-21
254.75        	1.389994e+00	6.949972e-01	6.949972e-01	-3.256403e-01	-1.664366e-01	-1.592037e-01	-3.616460e-03	-2.894374e-20	-1.357285e-20	-4.030189e-20	-3.372379e-20	-6.578098e-21
255           	1.392344e+00	6.961718e-01	6.961718e-01	-3.347637e-01	-1.705431e-01	-1.642206e-01	-3.161257e-03	-2.902562e-20	-1.366523e-20	-4.064181e-20	-3.398614e-20	-6.655675e-21
255.25        	1.394363e+00	6.971817e-01	6.971817e-01	-3.381750e-01	-1.717387e-01	-1.664364e-01	-2.651155e-03	-2.903661e-20	-1.373172e-20	-4.093159e-20	-3.419752e-20	-6.734071e-21
255.5         	1.395931e+00	6.979657e-01	6.979657e-01	-3.358699e-01	-1.700303e-01	-1.658395e-01	-2.095395e-03	-2.897637e-20	-1.376925e-20	-4.110712e-20	-3.432281e-20	-6.784310e-21
255.75        	1.397029e+00	6.985147e-01	6.985147e-01	-3.274178e-01	-1.652129e-01	-1.622049e-01	-1.504036e-03	-2.884118e-20	-1.377741e-20	-4.123914e-20	-3.439698e-20	-6.842158e-21
256           	1.397363e+00	6.986816e-01	6.986816e-01	-3.134708e-01	-1.576230e-01	-1.558478e-01	-8.875775e-04	-2.863773e-20	-1.375699e-20	-4.125634e-20	-3.438516e-20	-6.871186e-21
256.25        	1.397525e+00	6.987624e-01	6.987624e-01	-2.943580e-01	-1.474359e-01	-1.469221e-01	-2.568697e-04	-2.837400e-20	-1.371483e-20	-4.124416e-20	-3.433690e-20	-6.907253e-21
256.5         	1.396676e+00	6.983382e-01	6.983382e-01	-2.703235e-01	-1.347846e-01	-1.355389e-01	3.771622e-04	-2.805104e-20	-1.364083e-20	-4.111105e-20	-3.419635e-20	-6.914695e-21
256.75        	1.395217e+00	6.976086e-01	6.976086e-01	-2.414594e-01	-1.197259e-01	-1.217335e-01	1.003796e-03	-2.767385e-20	-1.354187e-20	-4.089468e-20	-3.398921e-20	-6.905469e-21
257           	1.393360e+00	6.966802e-01	6.966802e-01	-2.083285e-01	-1.025518e-01	-1.057767e-01	1.612483e-03	-2.725091e-20	-1.341827e-20	-4.061994e-20	-3.372824e-20	-6.891699e-21
257.25        	1.390918e+00	6.954589e-01	6.954589e-01	-1.715779e-01	-8.359582e-02	-8.798205e-02	2.193115e-03	-2.679169e-20	-1.327001e-20	-4.024658e-20	-3.339330e-20	-6.853280e-21
257.5         	1.388662e+00	6.943312e-01	6.943312e-01	-1.319124e-01	-6.322021e-02	-6.869221e-02	2.735997e-03	-2.631068e-20	-1.310577e-20	-3.983853e-20	-3.302504e-20	-6.813493e-21
257.75        	1.386198e+00	6.930991e-01	6.930991e-01	-9.003415e-02	-4.178497e-02	-4.824918e-02	3.232105e-03	-2.581383e-20	-1.292176e-20	-3.932630e-20	-3.258491e-20	-6.741392e-21
258           	1.383779e+00	6.918893e-01	6.918893e-01	-4.651211e-02	-1.958288e-02	-2.692923e-02	3.673177e-03	-2.531116e-20	-1.272293e-20	-3.875500e-20	-3.210043e-20	-6.654570e-21
258.25        	1.381793e+00	6.908963e-01	6.908963e-01	-2.523161e-03	2.790248e-03	-5.313409e-03	4.051828e-03	-2.481876e-20	-1.251509e-20	-3.811068e-20	-3.157043e-20	-6.540248e-21
258.5         	1.380579e+00	6.902893e-01	6.902893e-01	4.172606e-02	2.522468e-02	1.650138e-02	4.361649e-03	-2.433744e-20	-1.230528e-20	-3.747098e-20	-3.104077e-20	-6.430213e-21
258.75        	1.379591e+00	6.897956e-01	6.897956e-01	8.564415e-02	4.741929e-02	3.822486e-02	4.597215e-03	-2.387229e-20	-1.209066e-20	-3.677895e-20	-3.048013e-20	-6.298817e-21
259           	1.379310e+00	6.896552e-01	6.896552e-01	1.276852e-01	6.859677e-02	5.908841e-02	4.754177e-03	-2.344235e-20	-1.188248e-20	-3.606422e-20	-2.991459e-20	-6.149634e-21
259.25        	1.379453e+00	6.897266e-01	6.897266e-01	1.682592e-01	8.895899e-02	7.930021e-02	4.829388e-03	-2.303872e-20	-1.168152e-20	-3.535006e-20	-2.935655e-20	-5.993506e-21
259.5         	1.380411e+00	6.902057e-01	6.902057e-01	2.054853e-01	1.075638e-01	9.792154e-02	4.821114e-03	-2.268215e-20	-1.149788e-20	-3.466828e-20	-2.883202e-20	-5.836261e-21
259.75        	1.381681e+00	6.908403e-01	6.908403e-01	2.393208e-01	1.243894e-01	1.149314e-01	4.729025e-03	-2.237001e-20	-1.132952e-20	-3.397391e-20	-2.831648e-20	-5.657434e-21
260           	1.383727e+00	6.918637e-01	6.918637e-01	2.683421e-01	1.387254e-01	1.296167e-01	4.554366e-03	-2.211631e-20	-1.118658e-20	-3.338362e-20	-2.787839e-20	-5.505235e-21
260.25        	1.385891e+00	6.929457e-01	6.929457e-01	2.932297e-01	1.509148e-01	1.423149e-01	4.299945e-03	-2.190932e-20	-1.106348e-20	-3.281435e-20	-2.747066e-20	-5.343693e-21
260.5         	1.388260e+00	6.941298e-01	6.941298e-01	3.131992e-01	1.605697e-01	1.526295e-01	3.970134e-03	-2.175542e-20	-1.096240e-20	-3.232829e-20	-2.712654e-20	-5.201747e-21
260.75        	1.390609e+00	6.953046e-01	6.953046e-01	3.269734e-01	1.670575e-01	1.599159e-01	3.570785e-03	-2.166687e-20	-1.088595e-20	-3.189887e-20	-2.683538e-20	-5.063487e-21
261           	1.392765e+00	6.963825e-01	6.963825e-01	3.355072e-01	1.708627e-01	1.646445e-01	3.109088e-03	-2.162944e-20	-1.083196e-20	-3.153939e-20	-2.660166e-20	-4.937739e-21
261.25        	1.394505e+00	6.972525e-01	6.972525e-01	3.382430e-01	1.717149e-01	1.665280e-01	2.593447e-03	-2.164750e-20	-1.079618e-20	-3.126824e-20	-2.643030e-20	-4.837945e-21
261.5         	1.396041e+00	6.980206e-01	6.980206e-01	3.347818e-01	1.694241e-01	1.653577e-01	2.033194e-03	-2.172616e-20	-1.078305e-20	-3.109150e-20	-2.632880e-20	-4.762703e-21
261.75        	1.397364e+00	6.986818e-01	6.986818e-01	3.261252e-01	1.645011e-01	1.616242e-01	1.438445e-03	-2.185209e-20	-1.079118e-20	-3.102894e-20	-2.630565e-20	-4.723291e-21
262           	1.397412e+00	6.987059e-01	6.987059e-01	3.117265e-01	1.566830e-01	1.550435e-01	8.197764e-04	-2.202824e-20	-1.080834e-20	-3.098366e-20	-2.630017e-20	-4.683490e-21
262.25        	1.397475e+00	6.987373e-01	6.987373e-01	2.920124e-01	1.461943e-01	1.458182e-01	1.880455e-04	-2.225607e-20	-1.084922e-20	-3.108652e-20	-2.639248e-20	-4.694036e-21
262.5         	1.396534e+00	6.982671e-01	6.982671e-01	2.673743e-01	1.332413e-01	1.341330e-01	-4.458260e-04	-2.252756e-20	-1.090258e-20	-3.122487e-20	-2.651502e-20	-4.709852e-21
262.75        	1.394938e+00	6.974690e-01	6.974690e-01	2.381114e-01	1.179845e-01	1.201268e-01	-1.071131e-03	-2.284219e-20	-1.097055e-20	-3.143485e-20	-2.668798e-20	-4.746876e-21
263           	1.393099e+00	6.965494e-01	6.965494e-01	2.046402e-01	1.006427e-01	1.039975e-01	-1.677372e-03	-2.319824e-20	-1.106041e-20	-3.174639e-20	-2.693360e-20	-4.812787e-21
263.25        	1.390690e+00	6.953450e-01	6.953450e-01	1.676045e-01	8.154777e-02	8.605669e-02	-2.254462e-03	-2.358940e-20	-1.116425e-20	-3.211823e-20	-2.722336e-20	-4.894865e-21
263.5         	1.388518e+00	6.942591e-01	6.942591e-01	1.274369e-01	6.092569e-02	6.651124e-02	-2.792776e-03	-2.401522e-20	-1.129456e-20	-3.262105e-20	-2.760508e-20	-5.015967e-21
263.75        	1.385894e+00	6.929470e-01	6.929470e-01	8.549540e-02	3.946434e-02	4.603106e-02	-3.283362e-03	-2.445922e-20	-1.143651e-20	-3.312303e-20	-2.799803e-20	-5.125007e-21
264           	1.383779e+00	6.918896e-01	6.918896e-01	4.187863e-02	1.722125e-02	2.465738e-02	-3.718064e-03	-2.492642e-20	-1.160115e-20	-3.371860e-20	-2.846045e-20	-5.258144e-21
264.25        	1.381406e+00	6.907032e-01	6.907032e-01	-2.378771e-03	-5.278965e-03	2.900194e-03	-4.089579e-03	-2.540270e-20	-1.177545e-20	-3.429339e-20	-2.892214e-20	-5.371250e-21
264.5         	1.380410e+00	6.902051e-01	6.902051e-01	-4.666424e-02	-2.772373e-02	-1.894051e-02	-4.391611e-03	-2.588464e-20	-1.197659e-20	-3.499745e-20	-2.947531e-20	-5.522136e-21
264.75        	1.379488e+00	6.897438e-01	6.897438e-01	-9.023129e-02	-4.973450e-02	-4.049679e-02	-4.618854e-03	-2.636171e-20	-1.218158e-20	-3.569423e-20	-3.002869e-20	-5.665538e-21
265           	1.379330e+00	6.896651e-01	6.896651e-01	-1.326119e-01	-7.107300e-02	-6.153887e-02	-4.767067e-03	-2.683004e-20	-1.239469e-20	-3.640420e-20	-3.059679e-20	-5.807408e-21
265.25        	1.379622e+00	6.898108e-01	6.898108e-01	-1.722696e-01	-9.096806e-02	-8.130152e-02	-4.833273e-03	-2.726850e-20	-1.260489e-20	-3.712077e-20	-3.116528e-20	-5.955488e-21
265.5         	1.380690e+00	6.903452e-01	6.903452e-01	-2.091728e-01	-1.094023e-01	-9.977052e-02	-4.815866e-03	-2.767917e-20	-1.281235e-20	-3.778293e-20	-3.170382e-20	-6.079116e-21
265.75        	1.381947e+00	6.909733e-01	6.909733e-01	-2.426249e-01	-1.260272e-01	-1.165978e-01	-4.714693e-03	-2.805089e-20	-1.300535e-20	-3.839972e-20	-3.220521e-20	-6.194503e-21
266           	1.383857e+00	6.919284e-01	6.919284e-01	-2.714372e-01	-1.402497e-01	-1.311874e-01	-4.531160e-03	-2.836856e-20	-1.318573e-20	-3.899823e-20	-3.268484e-20	-6.313384e-21
266.25        	1.386330e+00	6.931652e-01	6.931652e-01	-2.959932e-01	-1.522648e-01	-1.437283e-01	-4.268255e-03	-2.863838e-20	-1.335142e-20	-3.955197e-20	-3.312741e-20	-6.424565e-21
266.5         	1.388433e+00	6.942166e-01	6.942166e-01	-3.147444e-01	-1.613027e-01	-1.534417e-01	-3.930532e-03	-2.883544e-20	-1.348682e-20	-4.001873e-20	-3.349618e-20	-6.522546e-21
266.75        	1.390887e+00	6.954433e-01	6.954433e-01	-3.283314e-01	-1.676897e-01	-1.606418e-01	-3.523960e-03	-2.897215e-20	-1.360091e-20	-4.041208e-20	-3.380695e-20	-6.605131e-21
267           	1.393099e+00	6.965493e-01	6.965493e-01	-3.359941e-01	-1.710529e-01	-1.649411e-01	-3.055899e-03	-2.903514e-20	-1.368712e-20	-4.075488e-20	-3.406456e-20	-6.690323e-21
267.25        	1.394969e+00	6.974847e-01	6.974847e-01	-3.385446e-01	-1.718072e-01	-1.667375e-01	-2.534856e-03	-2.903546e-20	-1.374603e-20	-4.098898e-20	-3.424052e-20	-6.748465e-21
267.5         	1.396330e+00	6.981651e-01	6.981651e-01	-3.342396e-01	-1.690901e-01	-1.651495e-01	-1.970270e-03	-2.895062e-20	-1.377425e-20	-4.115349e-20	-3.435099e-20	-6.802497e-21
267.75        	1.397312e+00	6.986559e-01	6.986559e-01	-3.247518e-01	-1.637482e-01	-1.610036e-01	-1.372315e-03	-2.880183e-20	-1.377734e-20	-4.126135e-20	-3.440802e-20	-6.853332e-21
268           	1.397612e+00	6.988061e-01	6.988061e-01	-3.099982e-01	-1.557507e-01	-1.542475e-01	-7.516075e-04	-2.858887e-20	-1.375317e-20	-4.127566e-20	-3.439100e-20	-6.884653e-21
268.25        	1.397411e+00	6.987054e-01	6.987054e-01	-2.896440e-01	-1.449410e-01	-1.447030e-01	-1.190295e-04	-2.830987e-20	-1.370145e-20	-4.122475e-20	-3.431382e-20	-6.910931e-21
268.5         	1.396390e+00	6.981949e-01	6.981949e-01	-2.644420e-01	-1.317065e-01	-1.327355e-01	5.145188e-04	-2.797356e-20	-1.362183e-20	-4.107065e-20	-3.415716e-20	-6.913488e-21
268.75        	1.394742e+00	6.973708e-01	6.973708e-01	-2.347498e-01	-1.162366e-01	-1.185132e-01	1.138333e-03	-2.758680e-20	-1.351618e-20	-4.082977e-20	-3.393106e-20	-6.898705e-21
269           	1.392896e+00	6.964481e-01	6.964481e-01	-2.007445e-01	-9.863029e-02	-1.021142e-01	1.741976e-03	-2.715487e-20	-1.338902e-20	-4.054504e-20	-3.366153e-20	-6.883502e-21
269.25        	1.390702e+00	6.953510e-01	6.953510e-01	-1.632277e-01	-7.929846e-02	-8.392921e-02	2.315377e-03	-2.669076e-20	-1.323892e-20	-4.018945e-20	-3.333364e-20	-6.855808e-21
269.5         	1.388269e+00	6.941345e-01	6.941345e-01	-1.230572e-01	-5.867963e-02	-6.437762e-02	2.848997e-03	-2.620503e-20	-1.306858e-20	-3.974270e-20	-3.293993e-20	-6.802775e-21
269.75        	1.385798e+00	6.928988e-01	6.928988e-01	-8.092258e-02	-3.712735e-02	-4.379523e-02	3.333941e-03	-2.570871e-20	-1.288099e-20	-3.920468e-20	-3.248333e-20	-6.721356e-21
270           	1.383585e+00	6.917927e-01	6.917927e-01	-3.706555e-02	-1.477062e-02	-2.229493e-02	3.762157e-03	-2.520547e-20	-1.268117e-20	-3.863777e-20	-3.200006e-20	-6.637713e-21
270.25        	1.381430e+00	6.907152e-01	6.907152e-01	7.055891e-03	7.654392e-03	-5.985012e-04	4.126447e-03	-2.471395e-20	-1.246899e-20	-3.796025e-20	-3.144912e-20	-6.511131e-21
270.5         	1.380422e+00	6.902108e-01	6.902108e-01	5.135198e-02	3.009660e-02	2.125538e-02	4.420607e-03	-2.423489e-20	-1.225916e-20	-3.732770e-20	-3.092301e-20	-6.404688e-21
270.75        	1.379548e+00	6.897738e-01	6.897738e-01	9.508663e-02	5.218276e-02	4.290387e-02	4.639447e-03	-2.377489e-20	-1.204524e-20	-3.663277e-20	-3.036162e-20	-6.271149e-21
271           	1.379387e+00	6.896935e-01	6.896935e-01	1.370820e-01	7.331985e-02	6.376212e-02	4.778860e-03	-2.334739e-20	-1.183777e-20	-3.591709e-20	-2.979632e-20	-6.120769e-21
271.25        	1.379885e+00	6.899426e-01	6.899426e-01	1.763396e-01	9.300581e-02	8.333381e-02	4.836002e-03	-2.296176e-20	-1.164318e-20	-3.523056e-20	-2.925846e-20	-5.972100e-21
271.5         	1.380682e+00	6.903408e-01	6.903408e-01	2.130145e-01	1.113167e-01	1.016978e-01	4.809432e-03	-2.261210e-20	-1.145983e-20	-3.451535e-20	-2.871750e-20	-5.797850e-21
271.75        	1.381950e+00	6.909750e-01	6.909750e-01	2.459521e-01	1.276752e-01	1.182769e-01	4.699163e-03	-2.231051e-20	-1.129508e-20	-3.383983e-20	-2.821499e-20	-5.624836e-21
272           	1.384080e+00	6.920400e-01	6.920400e-01	2.743703e-01	1.416919e-01	1.326784e-01	4.506766e-03	-2.206444e-20	-1.115600e-20	-3.323645e-20	-2.777422e-20	-5.462224e-21
272.25        	1.386565e+00	6.932826e-01	6.932826e-01	2.984804e-01	1.534756e-01	1.450048e-01	4.235405e-03	-2.186647e-20	-1.103960e-20	-3.271405e-20	-2.739662e-20	-5.317426e-21
272.5         	1.388728e+00	6.943640e-01	6.943640e-01	3.165524e-01	1.621660e-01	1.543864e-01	3.889807e-03	-2.173278e-20	-1.094296e-20	-3.222424e-20	-2.705508e-20	-5.169155e-21
272.75        	1.391026e+00	6.955132e-01	6.955132e-01	3.296128e-01	1.682825e-01	1.613303e-01	3.476087e-03	-2.165053e-20	-1.087116e-20	-3.179350e-20	-2.676791e-20	-5.025593e-21
273           	1.393330e+00	6.966651e-01	6.966651e-01	3.365876e-01	1.712955e-01	1.652920e-01	3.001746e-03	-2.162932e-20	-1.082296e-20	-3.149819e-20	-2.657206e-20	-4.926132e-21
273.25        	1.395098e+00	6.975491e-01	6.975491e-01	3.381669e-01	1.715589e-01	1.666081e-01	2.475419e-03	-2.165888e-20	-1.079366e-20	-3.123013e-20	-2.640872e-20	-4.821410e-21
273.5         	1.396659e+00	6.983297e-01	6.983297e-01	3.335924e-01	1.687028e-01	1.648896e-01	1.906611e-03	-2.174803e-20	-1.078548e-20	-3.108950e-20	-2.633023e-20	-4.759265e-21
273.75        	1.397240e+00	6.986200e-01	6.986200e-01	3.233808e-01	1.629960e-01	1.603848e-01	1.305585e-03	-2.188656e-20	-1.079098e-20	-3.099037e-20	-2.628617e-20	-4.704200e-21
274           	1.397647e+00	6.988237e-01	6.988237e-01	3.080264e-01	1.546962e-01	1.533302e-01	6.829845e-04	-2.207286e-20	-1.081738e-20	-3.101691e-20	-2.632584e-20	-4.691078e-21
274.25        	1.397513e+00	6.987564e-01	6.987564e-01	2.871136e-01	1.436065e-01	1.435071e-01	4.970996e-05	-2.231159e-20	-1.086096e-20	-3.112810e-20	-2.642501e-20	-4.703094e-21
274.5         	1.396140e+00	6.980702e-01	6.980702e-01	2.612590e-01	1.300461e-01	1.312129e-01	-5.833553e-04	-2.259375e-20	-1.091448e-20	-3.125581e-20	-2.654238e-20	-4.713428e-21
274.75        	1.394429e+00	6.972145e-01	6.972145e-01	2.312639e-01	1.144264e-01	1.168374e-01	-1.205518e-03	-2.291459e-20	-1.098602e-20	-3.147420e-20	-2.672312e-20	-4.751081e-21
275           	1.392360e+00	6.961800e-01	6.961800e-01	1.968545e-01	9.662086e-02	1.002337e-01	-1.806395e-03	-2.327904e-20	-1.107717e-20	-3.179731e-20	-2.697582e-20	-4.821489e-21
275.25        	1.390442e+00	6.952212e-01	6.952212e-01	1.589144e-01	7.708125e-02	8.183314e-02	-2.375946e-03	-2.368238e-20	-1.119394e-20	-3.225155e-20	-2.731971e-20	-4.931833e-21
275.5         	1.387939e+00	6.939695e-01	6.939695e-01	1.184696e-01	5.633011e-02	6.213952e-02	-2.904704e-03	-2.411085e-20	-1.132348e-20	-3.271364e-20	-2.768030e-20	-5.033343e-21
275.75        	1.385548e+00	6.927738e-01	6.927738e-01	7.614690e-02	3.468959e-02	4.145730e-02	-3.383856e-03	-2.455984e-20	-1.147308e-20	-3.325737e-20	-2.810177e-20	-5.155601e-21
276           	1.383487e+00	6.917434e-01	6.917434e-01	3.259336e-02	1.249123e-02	2.010214e-02	-3.805455e-03	-2.502699e-20	-1.164099e-20	-3.384730e-20	-2.856464e-20	-5.282665e-21
276.25        	1.381438e+00	6.907188e-01	6.907188e-01	-1.226032e-02	-1.029253e-02	-1.967783e-03	-4.162376e-03	-2.551126e-20	-1.182341e-20	-3.446632e-20	-2.905657e-20	-5.409750e-21
276.5         	1.380260e+00	6.901299e-01	6.901299e-01	-5.630336e-02	-3.260025e-02	-2.370312e-02	-4.448564e-03	-2.599058e-20	-1.202207e-20	-3.514625e-20	-2.959519e-20	-5.551053e-21
276.75        	1.379513e+00	6.897564e-01	6.897564e-01	-9.976474e-02	-5.454129e-02	-4.522345e-02	-4.658918e-03	-2.646735e-20	-1.222953e-20	-3.585811e-20	-3.015858e-20	-5.699529e-21
277           	1.379245e+00	6.896224e-01	6.896224e-01	-1.416371e-01	-7.560800e-02	-6.602908e-02	-4.789460e-03	-2.692902e-20	-1.244035e-20	-3.655928e-20	-3.071999e-20	-5.839296e-21
277.25        	1.379952e+00	6.899762e-01	6.899762e-01	-1.805804e-01	-9.512772e-02	-8.545273e-02	-4.837498e-03	-2.736170e-20	-1.265322e-20	-3.726988e-20	-3.128816e-20	-5.981721e-21
277.5         	1.380725e+00	6.903623e-01	6.903623e-01	-2.173077e-01	-1.134556e-01	-1.038521e-01	-4.801747e-03	-2.776954e-20	-1.285454e-20	-3.791918e-20	-3.181413e-20	-6.105050e-21
277.75        	1.382185e+00	6.910927e-01	6.910927e-01	-2.493144e-01	-1.293396e-01	-1.199748e-01	-4.682399e-03	-2.812398e-20	-1.304362e-20	-3.852108e-20	-3.230416e-20	-6.216914e-21
278           	1.384466e+00	6.922332e-01	6.922332e-01	-2.773518e-01	-1.431571e-01	-1.341947e-01	-4.481176e-03	-2.843483e-20	-1.322533e-20	-3.912774e-20	-3.278921e-20	-6.338536e-21
278.25        	1.386794e+00	6.933972e-01	6.933972e-01	-3.002958e-01	-1.543493e-01	-1.459465e-01	-4.201437e-03	-2.868331e-20	-1.338337e-20	-3.967159e-20	-3.321916e-20	-6.452426e-21
278.5         	1.389065e+00	6.945324e-01	6.945324e-01	-3.182301e-01	-1.629631e-01	-1.552670e-01	-3.848046e-03	-2.887225e-20	-1.351422e-20	-4.010535e-20	-3.356689e-20	-6.538461e-21
278.75        	1.391348e+00	6.956742e-01	6.956742e-01	-3.305509e-01	-1.687027e-01	-1.618481e-01	-3.427293e-03	-2.899232e-20	-1.362143e-20	-4.050029e-20	-3.387157e-20	-6.628718e-21
279           	1.393556e+00	6.967779e-01	6.967779e-01	-3.371950e-01	-1.715443e-01	-1.656507e-01	-2.946802e-03	-2.904327e-20	-1.370246e-20	-4.081616e-20	-3.411054e-20	-6.705618e-21
279.25        	1.394858e+00	6.974292e-01	6.974292e-01	-3.379484e-01	-1.713895e-01	-1.665589e-01	-2.415330e-03	-2.901927e-20	-1.374917e-20	-4.099149e-20	-3.424492e-20	-6.746570e-21
279.5         	1.396649e+00	6.983243e-01	6.983243e-01	-3.329519e-01	-1.683184e-01	-1.646335e-01	-1.842462e-03	-2.892778e-20	-1.377878e-20	-4.119049e-20	-3.437403e-20	-6.816458e-21
279.75        	1.397238e+00	6.986189e-01	6.986189e-01	-3.220710e-01	-1.622740e-01	-1.597970e-01	-1.238517e-03	-2.876162e-20	-1.377290e-20	-4.124761e-20	-3.439671e-20	-6.850898e-21
280           	1.397397e+00	6.986985e-01	6.986985e-01	-3.061102e-01	-1.536693e-01	-1.524409e-01	-6.141827e-04	-2.853389e-20	-1.374109e-20	-4.125279e-20	-3.436748e-20	-6.885307e-21
280.25        	1.397456e+00	6.987282e-01	6.987282e-01	-2.846746e-01	-1.423177e-01	-1.423569e-01	1.963882e-05	-2.824353e-20	-1.368963e-20	-4.121618e-20	-3.429772e-20	-6.918458e-21
280.5         	1.396367e+00	6.981834e-01	6.981834e-01	-2.582591e-01	-1.284775e-01	-1.297816e-01	6.520776e-04	-2.789328e-20	-1.360337e-20	-4.105664e-20	-3.413170e-20	-6.924948e-21
280.75        	1.394760e+00	6.973799e-01	6.973799e-01	-2.276329e-01	-1.125440e-01	-1.150889e-01	1.272449e-03	-2.749714e-20	-1.349466e-20	-4.081605e-20	-3.390269e-20	-6.913362e-21
281           	1.392240e+00	6.961201e-01	6.961201e-01	-1.926894e-01	-9.447425e-02	-9.821510e-02	1.870427e-03	-2.705360e-20	-1.335594e-20	-4.045729e-20	-3.358459e-20	-6.872700e-21
281.25        	1.389941e+00	6.949705e-01	6.949705e-01	-1.545043e-01	-7.481616e-02	-7.968817e-02	2.436009e-03	-2.658243e-20	-1.320065e-20	-4.008475e-20	-3.324302e-20	-6.841722e-21
281.5         	1.387724e+00	6.938619e-01	6.938619e-01	-1.139756e-01	-5.402802e-02	-5.994763e-02	2.959804e-03	-2.609675e-20	-1.302904e-20	-3.963318e-20	-3.284563e-20	-6.787547e-21
281.75        	1.385432e+00	6.927159e-01	6.927159e-01	-7.155314e-02	-3.234350e-02	-3.920964e-02	3.433072e-03	-2.560018e-20	-1.284017e-20	-3.910581e-20	-3.239308e-20	-6.712730e-21
282           	1.383134e+00	6.915671e-01	6.915671e-01	-2.752106e-02	-9.912576e-03	-1.760848e-02	3.847952e-03	-2.509823e-20	-1.263605e-20	-3.849895e-20	-3.188553e-20	-6.613424e-21
282.25        	1.381476e+00	6.907380e-01	6.907380e-01	1.663913e-02	1.251702e-02	4.122114e-03	4.197452e-03	-2.461004e-20	-1.242661e-20	-3.785488e-20	-3.135405e-20	-6.500829e-21
282.5         	1.380264e+00	6.901320e-01	6.901320e-01	6.108307e-02	3.501713e-02	2.606594e-02	4.475593e-03	-2.413188e-20	-1.221288e-20	-3.717497e-20	-3.080037e-20	-6.374602e-21
282.75        	1.379594e+00	6.897968e-01	6.897968e-01	1.045966e-01	5.697568e-02	4.762088e-02	4.677398e-03	-2.367740e-20	-1.199959e-20	-3.648583e-20	-3.024250e-20	-6.243328e-21
283           	1.379401e+00	6.897004e-01	6.897004e-01	1.458317e-01	7.771490e-02	6.811682e-02	4.799038e-03	-2.326038e-20	-1.179404e-20	-3.576249e-20	-2.967529e-20	-6.087202e-21
283.25        	1.380057e+00	6.900284e-01	6.900284e-01	1.848305e-01	9.725322e-02	8.757733e-02	4.837944e-03	-2.287959e-20	-1.160175e-20	-3.507446e-20	-2.913898e-20	-5.935482e-21
283.5         	1.381213e+00	6.906063e-01	6.906063e-01	2.207266e-01	1.151563e-01	1.055703e-01	4.793009e-03	-2.254156e-20	-1.142523e-20	-3.438194e-20	-2.861620e-20	-5.765745e-21
283.75        	1.382737e+00	6.913685e-01	6.913685e-01	2.524814e-01	1.309053e-01	1.215761e-01	4.664573e-03	-2.225465e-20	-1.126695e-20	-3.372138e-20	-2.812764e-20	-5.593744e-21
284           	1.384637e+00	6.923183e-01	6.923183e-01	2.804044e-01	1.446568e-01	1.357477e-01	4.454546e-03	-2.201286e-20	-1.112771e-20	-3.311533e-20	-2.768538e-20	-5.429956e-21
284.25        	1.387020e+00	6.935098e-01	6.935098e-01	3.025091e-01	1.554210e-01	1.470881e-01	4.166460e-03	-2.183706e-20	-1.101673e-20	-3.259473e-20	-2.731409e-20	-5.280635e-21
284.5         	1.389179e+00	6.945895e-01	6.945895e-01	3.199402e-01	1.637755e-01	1.561648e-01	3.805340e-03	-2.170972e-20	-1.092501e-20	-3.210603e-20	-2.697803e-20	-5.128002e-21
284.75        	1.391684e+00	6.958420e-01	6.958420e-01	3.318670e-01	1.693111e-01	1.625559e-01	3.377616e-03	-2.163864e-20	-1.085971e-20	-3.175651e-20	-2.673797e-20	-5.018546e-21
285           	1.393726e+00	6.968630e-01	6.968630e-01	3.374474e-01	1.716148e-01	1.658326e-01	2.891076e-03	-2.163115e-20	-1.081482e-20	-3.142279e-20	-2.652622e-20	-4.896570e-21
285.25        	1.395426e+00	6.977132e-01	6.977132e-01	3.374205e-01	1.710648e-01	1.663557e-01	2.354556e-03	-2.167651e-20	-1.078994e-20	-3.119611e-20	-2.638800e-20	-4.808115e-21
285.5         	1.396904e+00	6.984522e-01	6.984522e-01	3.322670e-01	1.679113e-01	1.643558e-01	1.777745e-03	-2.176886e-20	-1.078594e-20	-3.107182e-20	-2.632185e-20	-4.749966e-21
285.75        	1.397451e+00	6.987255e-01	6.987255e-01	3.207209e-01	1.615315e-01	1.591894e-01	1.171007e-03	-2.192046e-20	-1.079587e-20	-3.099627e-20	-2.629400e-20	-4.702267e-21
286           	1.397348e+00	6.986741e-01	6.986741e-01	3.038013e-01	1.524457e-01	1.513556e-01	5.450751e-04	-2.212101e-20	-1.082107e-20	-3.100405e-20	-2.632310e-20	-4.680958e-21
286.25        	1.397167e+00	6.985833e-01	6.985833e-01	2.819264e-01	1.408740e-01	1.410523e-01	-8.914865e-05	-2.236870e-20	-1.087107e-20	-3.113640e-20	-2.643927e-20	-4.697130e-21
286.5         	1.396210e+00	6.981051e-01	6.981051e-01	2.549824e-01	1.267704e-01	1.282120e-01	-7.208151e-04	-2.266313e-20	-1.093447e-20	-3.133276e-20	-2.660085e-20	-4.731912e-21
286.75        	1.394337e+00	6.971687e-01	6.971687e-01	2.239751e-01	1.106483e-01	1.133268e-01	-1.339252e-03	-2.299364e-20	-1.100918e-20	-3.157423e-20	-2.679630e-20	-4.777933e-21
287           	1.392252e+00	6.961262e-01	6.961262e-01	1.886564e-01	9.239402e-02	9.626238e-02	-1.934181e-03	-2.336757e-20	-1.110594e-20	-3.193258e-20	-2.707223e-20	-4.860346e-21
287.25        	1.389724e+00	6.948622e-01	6.948622e-01	1.505378e-01	7.277327e-02	7.776458e-02	-2.495654e-03	-2.377013e-20	-1.121764e-20	-3.232452e-20	-2.737990e-20	-4.944624e-21
287.5         	1.387290e+00	6.936451e-01	6.936451e-01	1.091759e-01	5.157360e-02	5.760226e-02	-3.014330e-03	-2.420853e-20	-1.135272e-20	-3.281952e-20	-2.776248e-20	-5.057038e-21
287.75        	1.384936e+00	6.924678e-01	6.924678e-01	6.643835e-02	2.973759e-02	3.670076e-02	-3.481581e-03	-2.466273e-20	-1.150565e-20	-3.337911e-20	-2.819520e-20	-5.183902e-21
288           	1.382844e+00	6.914221e-01	6.914221e-01	2.258497e-02	7.402855e-03	1.518211e-02	-3.889630e-03	-2.513423e-20	-1.167785e-20	-3.397084e-20	-2.866327e-20	-5.307569e-21
288.25        	1.381278e+00	6.906392e-01	6.906392e-01	-2.163344e-02	-1.504831e-02	-6.585129e-03	-4.231589e-03	-2.561297e-20	-1.186688e-20	-3.463332e-20	-2.918354e-20	-5.449783e-21
288.5         	1.380066e+00	6.900330e-01	6.900330e-01	-6.611549e-02	-3.755935e-02	-2.855615e-02	-4.501600e-03	-2.609887e-20	-1.206747e-20	-3.530475e-20	-2.971985e-20	-5.584901e-21
288.75        	1.379598e+00	6.897991e-01	6.897991e-01	-1.090353e-01	-5.921247e-02	-4.982287e-02	-4.694799e-03	-2.657067e-20	-1.227827e-20	-3.602038e-20	-3.028846e-20	-5.731923e-21
289           	1.379324e+00	6.896621e-01	6.896621e-01	-1.504278e-01	-8.002139e-02	-7.040644e-02	-4.807478e-03	-2.702709e-20	-1.248620e-20	-3.670640e-20	-3.083940e-20	-5.867002e-21
289.25        	1.380099e+00	6.900497e-01	6.900497e-01	-1.890893e-01	-9.938191e-02	-8.970744e-02	-4.837235e-03	-2.745667e-20	-1.269841e-20	-3.741761e-20	-3.140722e-20	-6.010395e-21
289.5         	1.381282e+00	6.906408e-01	6.906408e-01	-2.240691e-01	-1.168177e-01	-1.072514e-01	-4.783118e-03	-2.784457e-20	-1.289966e-20	-3.807217e-20	-3.193574e-20	-6.136426e-21
289.75        	1.383023e+00	6.915115e-01	6.915115e-01	-2.557146e-01	-1.325029e-01	-1.232117e-01	-4.645620e-03	-2.819647e-20	-1.309134e-20	-3.869897e-20	-3.244083e-20	-6.258145e-21
290           	1.384708e+00	6.923540e-01	6.923540e-01	-2.829122e-01	-1.458829e-01	-1.370292e-01	-4.426854e-03	-2.849470e-20	-1.325972e-20	-3.923854e-20	-3.287899e-20	-6.359547e-21
290.25        	1.387227e+00	6.936137e-01	6.936137e-01	-3.047153e-01	-1.564881e-01	-1.482272e-01	-4.130493e-03	-2.873086e-20	-1.341292e-20	-3.976272e-20	-3.329428e-20	-6.468445e-21
290.5         	1.389730e+00	6.948648e-01	6.948648e-01	-3.217303e-01	-1.646269e-01	-1.571034e-01	-3.761738e-03	-2.890880e-20	-1.354236e-20	-4.020678e-20	-3.364575e-20	-6.561030e-21
290.75        	1.391906e+00	6.959530e-01	6.959530e-01	-3.326566e-01	-1.696555e-01	-1.630011e-01	-3.327177e-03	-2.901160e-20	-1.364233e-20	-4.058078e-20	-3.393272e-20	-6.648057e-21
291           	1.394010e+00	6.970048e-01	6.970048e-01	-3.380033e-01	-1.718363e-01	-1.661669e-01	-2.834704e-03	-2.904672e-20	-1.371682e-20	-4.085984e-20	-3.414674e-20	-6.713095e-21
291.25        	1.395588e+00	6.977941e-01	6.977941e-01	-3.371462e-01	-1.708664e-01	-1.662798e-01	-2.293276e-03	-2.900397e-20	-1.376083e-20	-4.106920e-20	-3.429543e-20	-6.773769e-21
291.5         	1.396806e+00	6.984029e-01	6.984029e-01	-3.310336e-01	-1.672295e-01	-1.638041e-01	-1.712680e-03	-2.889687e-20	-1.377979e-20	-4.121748e-20	-3.438852e-20	-6.828953e-21
291.75        	1.397654e+00	6.988272e-01	6.988272e-01	-3.191230e-01	-1.606648e-01	-1.584582e-01	-1.103291e-03	-2.871946e-20	-1.377105e-20	-4.128209e-20	-3.441210e-20	-6.869994e-21
292           	1.397519e+00	6.987596e-01	6.987596e-01	-3.017544e-01	-1.513531e-01	-1.504013e-01	-4.758943e-04	-2.847453e-20	-1.373371e-20	-4.125845e-20	-3.436293e-20	-6.895516e-21
292.25        	1.397007e+00	6.985035e-01	6.985035e-01	-2.792128e-01	-1.394478e-01	-1.397650e-01	1.585852e-04	-2.816940e-20	-1.366865e-20	-4.115815e-20	-3.424773e-20	-6.910422e-21
292.5         	1.396125e+00	6.980625e-01	6.980625e-01	-2.518873e-01	-1.251543e-01	-1.267330e-01	7.893507e-04	-2.781046e-20	-1.358207e-20	-4.100818e-20	-3.408615e-20	-6.922024e-21
292.75        	1.394038e+00	6.970189e-01	6.970189e-01	-2.204612e-01	-1.088249e-01	-1.116363e-01	1.405729e-03	-2.740431e-20	-1.346496e-20	-4.072285e-20	-3.382639e-20	-6.896463e-21
293           	1.392079e+00	6.960396e-01	6.960396e-01	-1.848374e-01	-9.042119e-02	-9.441618e-02	1.997495e-03	-2.695723e-20	-1.332766e-20	-4.040888e-20	-3.353210e-20	-6.876778e-21
293.25        	1.389169e+00	6.945847e-01	6.945847e-01	-1.457292e-01	-7.030985e-02	-7.541932e-02	2.554736e-03	-2.647535e-20	-1.316118e-20	-3.996652e-20	-3.314444e-20	-6.822075e-21
293.5         	1.386929e+00	6.934644e-01	6.934644e-01	-1.046574e-01	-4.926050e-02	-5.539694e-02	3.068221e-03	-2.598518e-20	-1.298647e-20	-3.950500e-20	-3.273897e-20	-6.766031e-21
293.75        	1.384655e+00	6.923276e-01	6.923276e-01	-6.178732e-02	-2.736429e-02	-3.442304e-02	3.529375e-03	-2.548650e-20	-1.279382e-20	-3.896600e-20	-3.227682e-20	-6.689182e-21
294           	1.382581e+00	6.912903e-01	6.912903e-01	-1.764063e-02	-4.889807e-03	-1.275083e-02	3.930510e-03	-2.498656e-20	-1.258839e-20	-3.835242e-20	-3.176460e-20	-6.587820e-21
294.25        	1.381135e+00	6.905674e-01	6.905674e-01	2.655359e-02	1.754167e-02	9.011922e-03	4.264874e-03	-2.450166e-20	-1.237932e-20	-3.771080e-20	-3.123472e-20	-6.476077e-21
294.5         	1.380076e+00	6.900382e-01	6.900382e-01	7.081291e-02	3.993316e-02	3.087975e-02	4.526704e-03	-2.402914e-20	-1.216561e-20	-3.702089e-20	-3.067606e-20	-6.344829e-21
294.75        	1.379333e+00	6.896665e-01	6.896665e-01	1.136176e-01	6.152003e-02	5.209754e-02	4.711249e-03	-2.358446e-20	-1.195251e-20	-3.631517e-20	-3.011010e-20	-6.205070e-21
295           	1.379377e+00	6.896883e-01	6.896883e-01	1.547055e-01	8.216769e-02	7.253781e-02	4.814940e-03	-2.317242e-20	-1.174945e-20	-3.559291e-20	-2.954591e-20	-6.047001e-21
295.25        	1.380220e+00	6.901101e-01	6.901101e-01	1.935210e-01	1.015960e-01	9.192499e-02	4.835523e-03	-2.279494e-20	-1.155970e-20	-3.491791e-20	-2.901865e-20	-5.899254e-21
295.5         	1.381417e+00	6.907087e-01	6.907087e-01	2.277779e-01	1.186611e-01	1.091167e-01	4.772220e-03	-2.247685e-20	-1.138808e-20	-3.422548e-20	-2.850082e-20	-5.724663e-21
295.75        	1.383158e+00	6.915790e-01	6.915790e-01	2.591634e-01	1.342074e-01	1.249560e-01	4.625675e-03	-2.219525e-20	-1.123339e-20	-3.359750e-20	-2.803214e-20	-5.565361e-21
296           	1.385074e+00	6.925369e-01	6.925369e-01	2.855680e-01	1.471822e-01	1.383858e-01	4.398194e-03	-2.197054e-20	-1.110113e-20	-3.300057e-20	-2.760141e-20	-5.399161e-21
296.25        	1.387354e+00	6.936772e-01	6.936772e-01	3.068203e-01	1.575038e-01	1.493165e-01	4.093607e-03	-2.180357e-20	-1.099342e-20	-3.246845e-20	-2.722765e-20	-5.240806e-21
296.5         	1.389818e+00	6.949091e-01	6.949091e-01	3.229944e-01	1.652145e-01	1.577799e-01	3.717275e-03	-2.168965e-20	-1.090951e-20	-3.203113e-20	-2.692508e-20	-5.106049e-21
296.75        	1.391986e+00	6.959932e-01	6.959932e-01	3.332704e-01	1.699111e-01	1.633592e-01	3.275943e-03	-2.163541e-20	-1.084610e-20	-3.165511e-20	-2.667365e-20	-4.981453e-21
297           	1.394083e+00	6.970414e-01	6.970414e-01	3.379489e-01	1.717521e-01	1.661968e-01	2.777634e-03	-2.163647e-20	-1.080718e-20	-3.135511e-20	-2.648473e-20	-4.870377e-21
297.25        	1.395856e+00	6.979282e-01	6.979282e-01	3.368008e-01	1.706318e-01	1.661690e-01	2.231393e-03	-2.169238e-20	-1.078822e-20	-3.116393e-20	-2.637019e-20	-4.793743e-21
297.5         	1.396761e+00	6.983804e-01	6.983804e-01	3.301318e-01	1.667130e-01	1.634188e-01	1.647111e-03	-2.179778e-20	-1.078313e-20	-3.102296e-20	-2.629461e-20	-4.728352e-21
297.75        	1.397616e+00	6.988082e-01	6.988082e-01	3.174098e-01	1.597401e-01	1.576697e-01	1.035202e-03	-2.196170e-20	-1.080190e-20	-3.099517e-20	-2.629948e-20	-4.695689e-21
298           	1.397775e+00	6.988875e-01	6.988875e-01	2.994110e-01	1.501120e-01	1.492990e-01	4.064748e-04	-2.217327e-20	-1.083559e-20	-3.106028e-20	-2.636573e-20	-4.694554e-21
298.25        	1.396891e+00	6.984453e-01	6.984453e-01	2.764563e-01	1.380000e-01	1.384563e-01	-2.281299e-04	-2.242845e-20	-1.088130e-20	-3.116308e-20	-2.646284e-20	-4.700246e-21
298.5         	1.395718e+00	6.978591e-01	6.978591e-01	2.486567e-01	1.234705e-01	1.251862e-01	-8.578450e-04	-2.273043e-20	-1.094643e-20	-3.136605e-20	-2.662946e-20	-4.736593e-21
298.75        	1.394029e+00	6.970144e-01	6.970144e-01	2.167862e-01	1.069211e-01	1.098651e-01	-1.472022e-03	-2.307019e-20	-1.102975e-20	-3.164896e-20	-2.685422e-20	-4.794732e-21
299           	1.391692e+00	6.958462e-01	6.958462e-01	1.805938e-01	8.823640e-02	9.235735e-02	-2.060474e-03	-2.345316e-20	-1.112899e-20	-3.199857e-20	-2.712828e-20	-4.870295e-21
299.25        	1.389286e+00	6.946432e-01	6.946432e-01	1.415281e-01	6.815070e-02	7.337743e-02	-2.613366e-03	-2.386585e-20	-1.124796e-20	-3.243847e-20	-2.746719e-20	-4.971281e-21
299.5         	1.386689e+00	6.933444e-01	6.933444e-01	1.001293e-01	4.694312e-02	5.318615e-02	-3.121515e-03	-2.430423e-20	-1.138342e-20	-3.292115e-20	-2.784400e-20	-5.077156e-21
299.75        	1.384295e+00	6.921475e-01	6.921475e-01	5.704240e-02	2.494475e-02	3.209765e-02	-3.576448e-03	-2.476309e-20	-1.153969e-20	-3.349429e-20	-2.828683e-20	-5.207456e-21
300           	1.382510e+00	6.912550e-01	6.912550e-01	1.296935e-02	2.514104e-03	1.045525e-02	-3.970572e-03	-2.523826e-20	-1.171847e-20	-3.410981e-20	-2.877338e-20	-5.336430e-21
